output/spatial/raster/area_a_multibeam_clip.asc
NCOLS 1000 
NROWS 750 
XLLCORNER 306002 
YLLCORNER 6220002 
CELLSIZE 4 
NODATA_value -32768 
[rows 378 to 419 of 750, columns 0 to 94 of 1000]
164 180 190 174 175 188 178 165 171 173 177 176 184 191 185 183 168 172 180 179 180 181 184 177 184 177 168 180 177 174 177 177 179 181 177 172 176 174 172 182 182 170 168 173 179 179 182 176 169 182 185 178 177 182 184 186 177 179 184 175 175 183 183 181 180 183 184 176 187 188 180 178 177 171 175 183 180 179 181 187 184 179 179 176 174 180 185 179 180 179 183 186 187 185 176
167 185 184 165 175 186 176 167 172 175 177 172 177 181 176 181 172 178 186 184 183 184 183 173 184 180 172 185 178 176 184 176 171 177 175 170 175 176 176 186 186 173 174 181 185 180 177 172 171 180 179 175 175 181 179 182 181 182 186 176 177 186 183 180 182 188 185 176 184 185 179 176 178 174 178 186 185 182 177 181 179 172 174 182 181 186 189 178 180 184 182 179 184 188 181
174 190 184 171 187 186 176 174 176 177 180 169 168 174 173 178 166 168 180 176 172 171 168 166 182 175 170 186 176 174 182 178 176 181 178 168 173 183 178 179 181 173 177 184 186 179 178 178 174 179 180 175 173 174 175 183 182 178 180 173 178 189 183 179 184 188 185 178 183 187 183 176 180 177 176 182 183 179 175 180 180 177 182 195 192 189 187 177 180 183 184 181 183 181 179
175 187 181 175 188 182 177 179 178 179 183 173 180 192 183 180 171 178 187 178 173 175 174 177 187 177 173 182 168 166 177 176 176 184 181 165 169 182 173 178 186 177 172 179 187 181 182 182 177 181 182 178 170 165 169 181 180 177 181 177 181 186 179 179 184 184 181 179 180 186 183 174 179 176 173 179 180 174 171 181 183 180 182 189 180 173 179 180 178 177 185 183 182 182 182
177 185 186 178 181 175 172 175 175 178 181 175 187 190 179 183 185 186 182 177 177 188 191 187 186 181 178 177 163 168 183 178 174 179 177 165 175 187 177 182 184 172 167 179 186 179 182 181 177 178 176 176 172 168 176 185 180 179 182 178 180 180 178 180 183 183 181 179 176 183 182 171 176 177 176 180 180 176 171 178 176 173 177 179 168 161 174 182 177 173 180 180 177 181 185
179 186 190 175 174 170 171 178 178 181 180 175 183 183 176 180 179 170 160 160 165 178 181 174 186 186 178 177 169 178 189 182 176 178 179 175 184 189 182 178 176 173 175 187 187 177 181 182 178 177 175 180 182 178 189 197 188 183 179 176 181 179 178 179 179 184 186 182 179 185 181 169 176 182 178 178 179 179 177 183 181 182 185 181 174 171 181 185 180 177 186 185 178 184 185
180 183 181 166 165 167 178 183 179 184 184 177 181 185 176 176 177 167 161 168 177 181 178 170 183 180 169 172 171 183 188 182 178 185 188 181 182 186 179 174 180 184 183 188 187 182 184 183 179 181 181 186 185 178 184 192 188 186 183 182 184 176 179 182 184 189 188 182 178 181 179 173 183 187 179 176 180 182 181 185 185 184 180 177 179 182 192 192 181 178 188 184 183 189 184
191 182 177 168 159 158 178 180 176 183 186 176 176 184 177 184 185 171 176 193 195 190 185 177 184 177 167 175 178 183 184 177 176 187 189 176 178 183 173 171 180 179 173 178 180 181 187 184 181 182 182 186 185 177 179 186 184 183 182 182 179 175 186 189 189 191 184 178 176 178 177 177 181 184 178 175 184 185 179 183 182 178 177 179 180 184 193 190 186 181 181 178 177 182 179
186 177 175 172 162 168 187 184 180 185 184 171 172 182 177 181 181 172 184 195 185 180 182 181 188 184 177 185 186 182 183 174 170 180 179 168 172 178 175 178 181 173 170 180 181 183 187 187 181 178 181 185 184 177 182 186 184 184 179 179 178 180 191 188 183 184 180 180 178 177 179 178 177 182 181 180 186 183 178 185 184 176 177 180 180 185 192 185 187 182 181 182 175 182 181
178 178 174 170 168 179 195 190 182 181 179 173 175 183 179 181 180 176 183 186 180 182 186 187 191 188 182 182 179 176 182 173 172 181 179 172 172 180 181 178 178 175 178 187 188 181 179 183 174 173 182 185 180 176 183 182 184 186 181 182 179 180 189 188 181 182 183 182 178 178 181 183 180 182 185 183 182 180 181 186 182 173 179 184 182 186 191 184 184 177 181 186 178 185 182
190 182 166 165 174 183 191 186 178 175 181 183 178 182 185 187 183 176 180 184 187 191 191 185 183 185 181 178 177 176 182 174 174 181 184 182 177 185 179 168 170 174 177 183 183 174 179 186 174 178 183 182 178 174 182 182 186 187 180 181 180 180 188 187 179 181 184 180 177 180 182 185 180 181 187 184 180 182 184 185 181 175 185 189 185 184 182 180 179 170 177 183 178 183 178
184 170 161 177 187 187 189 185 178 180 186 183 170 176 182 182 179 176 179 175 175 181 183 175 172 180 178 173 179 178 183 180 178 182 185 184 177 180 175 167 171 177 173 171 175 180 190 187 175 182 181 180 182 177 184 180 180 183 181 181 183 184 188 185 177 180 182 179 180 183 184 186 179 180 185 181 177 180 181 181 182 178 185 186 183 182 181 183 179 170 183 185 179 178 170
182 168 172 188 189 189 186 184 183 185 186 178 169 180 187 184 177 175 171 167 179 188 187 176 174 185 179 176 182 177 184 185 182 186 187 185 177 177 176 164 161 168 169 171 182 189 186 177 176 187 183 181 185 182 185 179 179 184 182 180 183 183 182 181 177 179 179 178 179 179 178 181 177 179 184 182 178 180 178 176 179 178 184 184 183 185 182 184 182 183 189 186 180 174 170
187 178 180 184 184 184 180 182 183 183 181 176 173 182 190 183 177 176 165 178 197 194 189 180 174 183 183 184 183 173 182 183 178 179 177 183 176 173 174 158 157 172 179 182 189 192 183 180 185 191 185 177 183 185 184 178 181 186 181 175 182 183 179 182 180 180 180 182 181 179 177 181 179 179 186 185 178 177 175 175 179 179 181 176 177 178 172 174 182 186 181 179 175 171 174
181 179 180 179 185 184 183 184 178 174 171 176 178 185 191 178 174 178 174 192 200 183 178 175 168 180 184 184 183 175 183 185 178 171 170 181 172 169 176 166 173 185 190 189 190 192 187 185 185 188 182 173 183 188 184 174 179 185 178 172 181 182 178 180 178 178 180 185 185 181 182 186 181 178 183 181 173 173 175 176 181 181 180 174 175 176 169 175 184 184 176 177 171 169 174
176 176 179 179 184 184 184 182 175 172 170 182 181 181 189 176 174 180 182 192 194 179 175 175 173 183 183 181 183 178 184 187 179 173 176 184 173 174 185 176 174 182 196 196 191 191 188 183 180 184 178 173 183 185 178 168 174 181 178 176 185 182 175 181 180 181 181 184 184 175 177 182 183 183 184 182 174 174 173 168 176 178 178 174 178 185 179 181 186 187 184 180 170 171 178
176 179 186 185 185 182 180 176 175 177 182 194 183 178 187 176 178 185 181 183 178 170 175 185 185 185 184 179 183 179 180 182 174 172 176 185 179 179 186 174 168 187 201 195 188 190 189 184 181 183 178 174 181 183 180 172 177 188 184 182 189 182 178 187 183 181 180 185 188 175 176 182 187 185 182 181 176 175 171 171 183 181 180 179 181 191 183 180 185 186 182 177 167 173 185
181 184 187 185 182 177 176 173 179 186 189 192 183 181 189 178 184 189 181 186 178 173 181 190 185 183 183 174 185 184 180 180 170 170 175 186 184 180 187 179 178 195 199 186 183 190 189 186 183 184 184 178 180 185 182 173 182 193 184 182 185 180 181 187 180 177 180 188 186 171 178 187 191 180 176 177 177 172 171 181 192 190 188 183 183 191 181 178 182 182 181 174 162 175 191
183 180 177 181 179 176 177 180 186 185 180 180 178 176 184 180 192 189 174 186 181 174 180 186 181 182 183 176 191 185 178 179 169 178 185 191 185 178 186 182 182 193 195 184 183 189 185 182 180 182 182 178 182 189 182 171 179 187 177 180 185 180 179 188 184 178 183 189 179 165 181 189 184 174 171 175 180 170 172 183 187 186 183 182 182 183 175 175 178 186 186 173 162 175 190
185 177 177 185 181 177 182 190 191 184 179 181 178 171 184 186 191 182 171 184 176 166 173 186 180 176 177 175 191 182 176 178 169 183 188 189 183 175 180 178 180 186 190 184 183 186 180 181 185 185 179 181 190 196 186 173 180 186 178 182 184 177 177 192 184 171 184 190 175 165 186 185 176 173 169 179 185 171 175 184 182 178 180 182 178 180 176 172 177 188 182 171 169 179 191
185 180 179 185 173 171 187 192 187 186 181 182 179 172 189 192 188 181 173 176 169 161 175 191 176 174 181 174 183 179 176 176 172 186 185 185 182 168 174 181 183 187 190 182 180 185 183 187 193 189 176 184 194 195 184 170 178 186 182 181 179 173 175 189 176 164 185 190 169 165 189 186 180 179 172 182 185 171 174 183 179 177 185 182 176 183 174 167 179 187 173 170 172 175 191
182 180 176 186 178 182 199 189 179 180 167 173 176 169 185 188 182 181 174 171 167 161 183 195 176 183 188 175 184 182 178 178 176 186 178 182 184 167 184 191 185 188 186 178 181 186 183 184 191 183 166 179 185 184 179 167 175 184 182 178 176 172 178 188 172 165 189 190 166 161 182 181 177 178 175 182 188 175 173 181 176 178 186 182 178 180 169 169 183 183 169 174 173 171 191
190 186 177 191 184 184 197 180 173 177 165 176 175 164 181 187 180 178 175 171 169 171 195 201 180 187 185 174 183 181 180 178 175 185 178 186 186 169 191 190 179 185 182 179 183 180 174 174 183 179 164 175 183 185 178 164 169 182 181 174 172 171 182 191 175 169 188 188 164 164 186 183 174 172 168 176 184 172 169 176 176 183 185 181 178 177 170 172 175 171 170 175 169 172 192
199 189 177 189 174 172 189 176 172 176 167 179 182 176 191 194 183 177 174 171 172 180 200 198 178 182 182 176 183 179 179 179 176 186 181 183 179 167 185 180 173 183 180 178 181 178 172 167 178 183 168 174 187 187 178 166 171 181 177 167 167 170 184 191 177 167 182 183 164 171 191 186 176 170 167 173 177 170 170 177 180 183 180 179 180 175 168 168 168 174 186 181 170 176 191
194 180 174 190 173 174 189 177 173 174 167 178 186 182 189 190 179 176 177 176 176 180 194 192 177 181 179 177 184 179 180 180 173 179 176 175 175 169 182 179 176 183 176 174 178 179 170 169 189 190 168 171 182 182 179 170 168 176 173 164 164 169 184 190 175 163 179 188 170 169 182 178 173 173 176 180 180 175 172 177 176 176 176 181 179 169 165 168 170 179 191 182 172 178 190
185 175 171 188 172 172 188 176 171 171 168 181 185 177 181 183 178 178 176 172 172 174 186 184 170 176 176 172 183 179 175 178 172 180 181 180 180 173 183 183 177 182 178 175 180 179 169 177 197 191 168 170 179 182 182 171 162 173 175 167 166 168 181 184 169 156 177 190 169 167 185 181 173 177 180 177 178 177 173 177 176 176 175 176 172 165 167 175 177 182 191 180 168 172 185
186 174 172 188 173 172 184 172 167 169 174 187 186 176 179 180 178 179 175 171 171 174 182 179 168 176 175 167 181 180 174 180 177 184 178 172 176 171 182 183 174 181 180 178 185 181 174 181 193 186 166 171 182 183 184 173 162 177 178 167 167 165 183 190 172 158 182 191 169 174 189 181 175 177 177 173 177 181 176 180 179 178 177 182 179 175 180 184 184 185 194 185 171 171 184
189 175 176 186 171 168 176 169 167 171 178 183 178 175 177 181 180 177 174 169 170 174 177 175 168 175 176 166 180 183 175 180 179 184 176 175 183 169 172 177 174 183 179 175 180 178 177 179 186 182 165 173 186 185 186 172 161 179 178 169 170 166 192 201 179 167 187 193 172 175 184 178 176 176 178 176 178 182 177 179 178 178 183 191 185 183 185 182 185 182 188 185 168 167 184
180 176 177 184 169 166 179 176 177 181 184 183 179 178 179 185 180 172 170 168 169 168 170 174 173 179 179 169 184 188 178 183 179 182 181 182 187 169 175 182 173 184 179 174 180 175 173 175 182 182 166 172 184 184 183 168 163 182 179 175 182 179 200 203 179 167 188 196 171 170 182 180 177 176 181 178 177 185 180 175 179 181 183 184 177 177 178 182 188 177 181 183 167 170 188
179 173 170 181 167 170 190 183 180 185 188 187 183 179 179 182 175 165 166 171 168 164 170 173 174 182 177 170 188 186 175 178 172 178 180 174 179 173 185 187 176 186 178 174 181 175 173 179 186 185 168 170 181 180 181 173 170 183 178 175 187 186 194 199 181 169 191 194 167 170 185 180 177 177 180 176 176 186 180 176 183 182 182 182 176 178 183 187 182 171 181 187 175 175 186
185 176 172 183 167 175 193 182 178 187 188 182 179 180 183 180 174 171 173 173 164 162 167 168 176 181 168 164 183 181 177 179 172 179 178 170 177 176 181 184 177 188 179 174 181 178 178 183 188 186 167 168 183 180 181 179 172 181 181 179 190 186 184 194 184 172 189 191 170 172 183 177 176 175 176 172 173 181 176 176 180 180 182 181 178 184 188 186 177 175 188 191 178 171 180
190 176 178 195 180 183 194 182 176 188 186 174 172 177 181 175 175 178 179 172 165 165 163 171 185 188 174 168 185 181 176 180 175 182 179 174 182 177 180 181 170 181 177 176 185 180 176 175 182 185 167 169 186 181 183 181 172 182 186 185 190 184 180 189 182 169 184 189 170 172 181 176 177 177 180 179 179 182 177 174 176 179 180 179 179 183 182 180 179 179 186 184 176 170 182
193 177 180 198 187 185 189 179 173 185 181 171 175 179 179 175 180 181 176 168 169 173 170 179 191 191 176 174 196 183 173 179 173 180 180 178 181 176 183 181 171 181 176 181 189 178 173 174 184 187 172 171 187 183 184 178 171 180 184 183 185 181 178 187 182 171 184 186 167 171 179 177 179 181 184 182 181 181 178 180 185 183 182 181 180 179 178 181 181 178 181 179 174 173 181
189 176 179 189 181 181 184 177 175 186 181 176 179 178 181 181 184 182 175 169 173 174 174 188 198 194 177 179 196 182 179 186 176 180 179 180 181 178 184 179 173 183 184 189 188 174 175 179 187 192 176 171 184 181 182 178 176 182 183 182 183 181 179 185 182 175 187 186 169 173 177 173 176 179 179 176 173 171 176 183 183 181 181 180 181 177 179 183 178 176 180 181 174 174 177
182 172 176 185 178 178 181 175 176 185 182 178 174 172 179 178 178 178 174 173 174 172 178 191 197 192 180 180 186 175 178 186 179 179 177 180 180 176 182 179 175 182 185 184 179 174 177 179 181 186 176 174 183 182 187 184 180 187 186 181 183 183 179 181 177 175 184 183 171 177 176 168 174 180 180 179 176 174 181 183 181 180 177 181 181 176 182 182 175 179 183 181 177 178 178
181 173 175 184 177 176 180 174 177 182 178 174 174 176 180 178 179 179 174 174 176 179 183 191 193 188 183 177 181 178 181 187 180 178 181 182 175 173 182 181 180 185 185 179 173 172 178 180 180 184 179 176 183 184 188 183 176 183 182 177 183 185 180 176 174 175 179 179 174 176 174 173 182 184 185 181 178 176 183 183 179 179 177 180 177 176 184 182 177 184 181 177 175 175 180
180 174 175 184 179 177 182 180 185 185 176 175 178 177 178 181 185 182 172 175 178 177 180 188 189 185 181 172 181 183 183 186 179 183 188 183 179 180 183 178 177 184 184 176 174 174 180 183 180 185 182 177 185 183 185 184 175 180 179 177 184 185 178 175 179 182 181 183 175 171 171 175 183 186 188 182 179 177 182 184 179 181 182 181 179 178 181 179 178 183 179 178 176 176 180
178 177 179 188 181 176 177 178 183 182 174 178 182 177 174 178 184 177 168 174 175 174 182 188 183 181 178 171 181 179 179 184 178 182 182 176 180 181 180 177 177 183 178 173 177 178 182 182 178 183 182 179 186 180 182 183 175 177 177 178 183 183 179 179 180 177 175 176 172 174 173 178 185 188 188 181 181 180 183 186 183 183 185 183 183 182 181 182 180 184 185 184 184 184 182
182 182 181 185 178 176 180 181 180 176 173 180 185 177 170 175 183 174 169 177 181 181 185 186 179 182 183 177 183 185 187 189 178 177 175 172 180 179 176 178 180 183 178 179 181 180 182 182 181 182 182 180 184 176 176 180 177 176 179 183 186 185 179 174 172 172 173 177 181 184 175 180 188 184 182 180 181 180 181 185 181 179 182 180 181 181 181 185 182 186 183 180 182 180 178
180 178 181 184 177 179 183 180 179 177 178 180 180 173 167 177 187 179 175 182 187 184 182 182 180 183 184 180 185 190 191 188 178 182 181 175 183 179 174 181 185 183 181 183 181 179 182 181 182 180 178 179 181 176 176 184 182 179 181 186 185 182 176 172 177 180 181 186 188 186 176 181 187 181 182 182 185 183 180 185 181 177 181 178 179 179 177 184 182 183 178 175 179 180 177
177 176 180 180 172 178 183 174 172 178 183 179 174 171 171 182 189 185 179 178 184 183 181 181 181 182 183 182 184 186 181 180 177 181 182 179 186 182 176 185 188 183 179 179 181 181 181 179 180 179 176 176 179 176 175 182 181 175 176 183 180 176 178 177 182 185 181 180 184 184 178 180 182 182 185 181 185 182 178 182 178 178 182 179 181 178 174 185 182 179 178 176 181 181 173
180 181 178 176 170 176 180 171 173 183 185 179 172 171 176 182 185 180 171 169 178 180 178 181 180 181 186 180 176 179 177 181 178 177 180 179 185 183 175 182 184 177 174 176 183 180 177 178 179 181 178 181 183 178 175 183 185 177 176 185 179 175 181 179 180 183 177 174 186 189 178 178 180 184 184 179 183 182 178 178 178 180 179 178 181 176 176 187 181 176 178 176 180 178 170
