output/spatial/raster/area_a_multibeam_clip.asc
NCOLS 1000 
NROWS 750 
XLLCORNER 306002 
YLLCORNER 6220002 
CELLSIZE 4 
NODATA_value -32768 
[rows 84 to 125 of 750, columns 190 to 284 of 1000]
154 174 194 191 191 169 144 167 184 174 161 189 181 163 181 184 184 169 159 184 198 200 185 181 186 163 177 200 183 188 197 182 187 183 174 187 195 181 189 192 170 167 166 172 186 183 173 183 184 173 172 173 176 181 184 182 178 179 181 169 162 173 177 168 165 175 176 174 181 177 171 171 176 173 159 154 168 173 167 168 174 181 181 152 170 247 251 236 210 189 159 190 214 147 154
168 197 201 201 207 180 151 178 200 179 173 199 179 166 182 178 182 170 152 171 189 185 168 183 186 151 179 196 173 185 191 175 171 167 176 193 195 184 195 188 158 163 166 174 185 181 171 182 180 163 173 180 179 178 177 181 180 177 176 172 177 186 186 181 180 187 179 176 189 189 199 192 178 197 186 201 211 183 179 176 175 178 182 211 250 254 254 243 210 174 145 150 197 191 235
179 192 184 185 195 176 146 171 197 192 195 200 174 171 186 176 179 158 132 166 182 171 177 199 182 158 195 198 176 178 182 170 158 162 182 199 197 186 185 171 152 161 162 168 178 180 174 185 180 166 182 179 168 168 173 182 177 167 169 176 180 184 185 177 174 182 179 183 206 226 238 214 205 237 213 225 221 188 216 206 181 186 210 249 254 254 243 225 201 181 156 167 197 210 241
172 177 175 186 192 177 156 166 181 185 194 189 166 163 184 178 174 143 136 175 173 178 201 199 174 179 199 188 169 161 179 180 171 183 192 189 174 152 147 154 155 163 167 169 179 182 173 180 175 172 183 177 177 182 188 188 173 163 170 176 175 175 172 162 165 178 185 195 212 239 250 228 216 233 219 225 221 191 208 194 156 172 217 245 246 248 240 222 195 189 184 197 207 215 232
179 170 175 186 179 164 163 165 174 177 164 157 147 157 189 179 149 141 170 180 175 196 198 172 165 192 195 177 167 164 190 193 183 187 184 181 174 158 153 161 159 161 169 173 183 184 178 182 175 172 176 180 188 188 189 185 174 170 178 182 185 196 186 174 184 185 189 202 217 239 247 233 233 237 227 220 213 191 184 182 158 133 173 238 237 246 239 216 203 211 205 202 208 208 214
182 163 175 178 165 158 162 152 149 168 180 184 172 179 195 167 131 167 186 169 198 213 182 154 159 176 175 167 174 171 182 180 176 178 171 180 187 182 179 178 167 163 168 174 181 183 180 178 176 177 179 182 184 180 179 180 173 172 182 189 198 208 192 195 213 196 198 211 221 239 248 236 244 237 210 189 178 165 154 151 143 109 160 245 226 235 236 213 207 216 209 207 211 207 212
163 166 187 182 170 165 160 137 140 180 213 210 186 183 185 144 143 196 183 155 201 209 164 162 169 179 187 182 182 164 166 180 187 177 162 168 171 167 165 169 174 174 173 180 186 185 179 176 180 185 186 186 184 177 174 174 169 171 184 196 199 190 183 203 212 179 185 209 206 216 236 246 241 214 175 167 166 159 155 157 162 140 171 228 210 221 221 206 207 213 214 210 209 207 212
177 192 199 189 172 168 168 155 166 209 222 203 179 176 178 140 167 204 182 170 212 203 166 179 175 194 208 197 185 162 173 205 202 178 171 182 182 171 168 172 179 179 177 185 189 182 178 179 181 181 179 183 179 174 174 172 171 177 191 204 205 196 195 203 194 151 168 204 224 239 240 249 218 182 166 168 175 180 178 178 156 115 142 194 211 214 205 212 210 206 211 207 201 202 206
183 186 187 183 166 173 186 167 171 213 216 195 180 178 167 145 181 194 167 171 201 193 175 178 165 179 191 183 170 152 177 203 187 175 180 186 186 180 181 178 176 176 173 181 183 179 181 183 180 177 180 181 174 173 178 177 185 200 217 238 238 216 199 203 177 135 175 209 226 225 229 224 184 152 152 168 184 196 175 168 143 115 156 197 200 193 208 225 209 199 206 207 200 194 192
171 164 174 171 160 173 186 155 150 187 182 174 172 164 149 162 185 175 168 176 188 186 174 161 153 173 193 184 163 152 175 189 176 182 182 173 173 177 179 174 174 174 172 178 182 186 188 181 177 181 185 180 173 175 181 184 219 244 240 246 241 204 159 153 143 153 200 209 198 169 128 64 57 65 110 155 181 188 167 166 156 127 141 192 217 203 211 218 198 190 199 199 193 189 192
167 165 174 173 173 179 179 151 139 168 184 193 179 155 155 180 177 176 198 196 189 186 176 154 165 193 202 189 166 164 183 189 185 192 183 171 178 181 177 176 179 179 179 181 182 188 186 176 180 187 186 180 176 180 186 189 234 252 248 243 223 156 83 74 133 187 201 197 195 174 88 18 24 61 118 162 185 187 178 168 149 89 95 193 238 231 211 188 179 187 192 190 198 201 202
173 178 177 181 191 187 180 158 145 182 222 222 187 162 168 179 178 194 202 179 169 179 176 154 180 200 190 178 162 172 181 179 186 185 173 172 178 179 177 180 181 185 187 183 182 190 187 177 182 187 184 180 179 184 190 204 239 240 239 222 172 65 10 63 163 189 185 190 195 187 148 113 118 133 152 174 188 188 178 143 120 61 85 201 219 209 200 185 187 194 183 192 210 207 202
182 185 176 179 190 184 186 163 146 199 232 217 174 146 137 156 181 193 185 167 169 184 175 159 187 197 180 172 175 183 176 183 196 182 170 176 177 180 179 181 184 189 187 180 180 187 186 177 181 185 179 176 180 185 195 228 248 249 240 205 73 0 17 135 182 183 186 192 193 190 196 212 221 218 199 184 176 167 150 98 53 25 90 201 217 224 225 218 221 216 206 213 218 212 210
184 188 162 143 160 174 183 148 134 188 206 195 166 129 126 168 189 185 179 177 177 178 171 173 191 193 179 179 186 180 175 193 190 171 173 179 174 169 166 171 180 185 184 178 177 182 186 183 184 183 177 178 184 188 201 238 244 242 211 140 7 0 114 179 180 178 181 186 188 204 225 235 236 237 232 205 184 162 76 3 0 39 138 200 221 232 237 235 238 231 225 217 222 224 218
180 187 152 137 173 182 180 158 149 177 191 192 164 126 155 205 199 182 176 180 167 159 170 177 185 181 175 178 176 168 177 190 176 166 173 180 172 163 166 173 185 192 186 180 176 178 186 187 179 175 176 182 186 190 228 248 240 207 90 5 0 34 183 191 185 180 179 184 188 202 211 214 220 215 197 185 132 54 0 0 62 147 201 207 217 223 236 241 239 230 224 213 223 225 214
173 175 162 165 195 196 194 181 157 188 225 211 149 115 168 203 185 180 183 186 164 157 173 174 179 173 171 170 174 179 181 185 190 188 185 188 177 167 174 181 192 191 177 173 172 172 185 189 175 173 182 186 197 217 246 245 215 121 0 0 41 126 211 219 204 196 198 193 190 187 176 177 188 174 142 142 92 107 154 165 230 237 233 232 251 242 239 237 235 228 226 214 215 209 201
180 179 175 169 184 193 199 179 151 190 219 202 133 118 172 189 179 179 186 185 164 157 174 187 193 182 173 176 191 189 176 198 210 187 174 184 174 167 177 179 185 180 172 178 178 178 192 192 173 176 187 192 215 237 242 218 134 29 23 156 237 233 227 229 191 182 211 185 192 192 195 206 208 193 199 223 206 229 220 190 227 231 222 221 248 229 218 228 231 223 218 201 204 199 192
178 175 179 174 172 180 193 174 149 177 199 186 126 135 187 190 176 167 168 163 150 158 183 194 189 179 174 181 189 169 166 205 206 163 152 178 178 175 183 180 184 181 182 188 186 187 193 189 173 180 190 198 221 229 190 123 57 47 192 252 249 235 216 223 151 159 214 153 181 205 209 231 243 239 242 242 231 229 214 204 218 207 194 201 207 200 198 218 223 201 200 204 211 198 184
162 170 187 175 154 175 181 145 141 193 221 193 126 142 190 186 175 175 171 166 160 169 184 185 174 171 173 178 178 168 184 202 179 145 159 188 182 173 179 179 187 190 188 188 186 181 182 185 177 183 193 207 226 210 121 83 102 193 254 253 254 253 230 203 127 175 219 119 118 199 237 251 252 246 243 242 234 205 191 208 197 186 193 191 189 217 227 224 218 199 216 220 206 188 180
157 179 189 163 146 181 182 150 173 217 222 183 124 144 189 185 184 184 176 181 175 172 186 185 174 175 178 176 176 183 199 190 167 165 176 185 170 164 178 183 192 192 185 184 184 179 180 186 180 184 196 202 217 189 108 151 216 252 253 254 254 249 231 196 165 180 154 35 67 193 243 250 247 243 236 239 235 214 185 198 198 175 177 165 191 234 242 232 219 216 229 214 178 169 173
170 178 172 151 150 188 187 159 191 217 200 157 115 150 199 191 182 178 175 177 157 164 191 184 168 175 181 177 184 204 210 190 185 186 175 173 162 166 188 194 188 178 178 186 189 183 180 188 183 185 195 194 196 145 111 216 251 254 253 250 248 247 231 192 164 150 59 21 105 197 228 231 244 244 230 227 204 168 153 156 172 166 141 136 197 228 228 222 215 217 220 194 155 155 153
178 186 193 180 180 195 167 165 207 210 179 128 112 166 194 181 168 169 171 158 146 180 202 185 170 180 185 187 199 214 210 187 187 180 170 176 169 176 199 195 175 179 191 191 187 179 178 190 188 186 193 195 184 145 197 253 254 254 252 246 246 249 227 175 138 135 59 46 127 192 223 221 222 215 207 195 147 116 118 114 132 126 104 154 217 223 218 213 211 213 209 184 154 151 133
183 193 198 192 192 181 162 201 217 195 153 106 144 191 187 178 167 175 176 159 173 205 202 182 176 181 187 198 203 202 191 167 173 175 175 183 174 180 200 188 175 196 197 185 184 180 184 195 190 185 192 191 183 210 252 254 253 251 250 250 253 248 216 150 111 121 61 35 100 183 204 176 166 182 188 171 141 148 173 180 179 174 177 205 229 227 215 204 205 203 194 175 143 139 136
189 186 174 179 182 164 172 210 205 170 123 119 182 196 187 187 181 195 187 167 186 200 185 175 174 176 190 204 201 195 190 178 185 180 170 181 176 179 196 187 188 201 185 179 187 182 186 194 187 183 190 190 218 251 254 253 253 252 249 250 247 227 192 124 96 114 73 56 110 176 191 162 168 196 185 153 146 186 214 213 207 213 212 208 222 227 216 207 201 190 181 169 136 137 136
188 189 175 177 172 153 168 195 191 152 119 156 198 197 192 189 188 196 180 173 193 196 178 173 174 176 192 200 191 180 180 185 195 186 175 189 182 178 194 192 195 193 174 180 187 182 185 192 186 185 190 193 240 251 249 250 253 247 243 235 219 190 160 112 109 132 101 90 108 140 180 192 168 149 144 157 188 221 221 213 217 221 217 204 203 206 205 202 195 190 183 167 138 133 115
169 162 152 166 177 169 180 189 177 145 143 185 205 200 190 186 186 182 164 171 193 197 182 178 181 183 197 203 194 183 182 192 205 192 181 195 178 170 190 190 186 182 169 177 184 181 185 191 187 185 191 199 234 239 236 230 206 208 222 210 198 176 158 138 138 151 141 109 70 97 165 190 191 169 175 200 218 220 210 224 227 221 217 204 195 183 184 198 200 197 192 175 147 141 138
142 143 152 183 196 180 178 169 153 148 163 188 195 190 185 188 183 162 146 159 183 193 175 175 187 191 202 205 194 180 177 192 202 189 174 172 152 161 189 191 190 189 175 181 187 186 186 190 187 186 194 204 230 236 237 218 194 205 208 181 176 169 171 162 152 162 161 95 37 78 153 178 205 212 210 212 217 215 222 233 227 212 212 204 198 159 157 199 210 200 184 180 173 179 183
173 187 199 211 200 167 157 140 140 158 164 172 177 177 179 184 173 143 138 162 183 181 158 168 188 188 192 191 182 169 174 183 187 180 166 158 148 174 197 197 193 189 175 180 188 189 187 189 187 185 202 220 236 234 230 210 228 223 199 173 174 158 165 164 148 165 125 66 54 78 138 176 208 214 210 211 233 244 238 234 219 203 216 206 184 137 141 195 209 212 204 200 195 202 206
209 212 210 207 192 156 141 138 154 174 173 179 185 185 186 189 176 146 153 184 192 178 159 171 184 179 178 183 187 189 187 177 185 176 160 169 169 189 203 193 180 178 170 179 187 190 187 188 192 197 226 239 242 233 215 208 230 233 210 194 188 164 165 136 105 121 86 82 122 65 90 187 229 238 235 241 250 248 225 224 220 218 221 195 158 134 149 189 210 223 226 219 209 208 206
209 204 193 187 180 143 134 151 167 190 193 193 197 198 197 190 174 152 167 198 203 190 172 177 187 179 176 186 188 186 171 181 198 168 158 185 177 176 190 178 173 181 178 185 190 192 190 192 206 231 246 248 250 239 202 210 231 235 221 206 192 181 188 153 131 133 112 121 148 55 77 226 254 254 253 254 253 235 205 207 218 220 206 175 140 131 152 183 215 230 227 216 210 204 195
191 187 179 179 177 155 156 170 178 196 189 186 202 205 191 177 166 142 156 185 194 182 161 178 195 183 180 192 189 179 176 194 204 195 207 211 176 164 182 178 180 187 182 184 186 192 194 203 225 248 248 249 250 237 211 217 220 219 211 201 202 196 200 188 181 162 150 146 139 116 133 230 254 254 254 254 246 225 206 201 216 216 191 159 141 130 155 190 220 233 222 211 202 192 185
178 184 180 178 179 172 175 173 176 190 178 185 208 204 180 174 170 144 155 177 179 168 157 184 199 182 181 197 195 197 202 185 194 211 202 191 166 168 186 182 180 185 180 183 187 194 200 219 239 242 223 223 228 222 219 215 220 219 211 206 211 192 179 186 185 145 148 157 172 201 182 222 252 253 252 248 235 229 211 203 225 223 184 153 151 141 161 185 201 213 214 214 204 191 179
190 193 178 173 176 172 182 158 148 179 173 184 198 188 170 164 152 132 156 180 180 187 189 190 195 184 183 192 189 193 184 167 195 195 161 153 160 170 179 174 177 186 182 188 191 197 207 226 235 221 201 222 227 218 216 217 226 226 219 212 201 166 150 169 172 142 147 183 215 226 216 224 244 251 252 243 233 230 206 200 222 205 168 159 160 149 148 166 196 211 219 221 200 183 175
192 189 173 176 178 173 179 135 124 175 168 179 196 187 168 155 134 128 165 182 183 204 200 174 184 184 177 183 188 182 161 163 194 191 160 161 175 175 175 174 183 191 184 189 193 200 206 205 207 212 220 232 223 206 206 210 215 222 214 197 171 137 150 172 168 160 178 211 229 227 227 235 239 242 238 231 229 223 190 196 217 197 169 165 161 146 139 161 208 222 224 231 197 180 191
192 187 180 186 182 168 148 113 137 192 188 197 207 194 176 170 143 142 182 183 187 203 178 152 177 180 171 180 193 186 179 193 200 178 155 166 171 170 176 176 184 185 179 188 194 202 201 187 203 217 203 186 168 170 182 187 192 203 196 173 143 131 166 188 192 208 221 227 230 223 223 230 224 218 222 220 218 211 172 187 214 207 185 169 162 147 145 165 203 210 206 210 193 177 196
193 190 182 180 177 143 109 126 166 196 194 203 209 193 182 177 135 138 182 189 196 190 161 159 185 181 173 185 187 174 179 192 188 173 163 170 172 174 177 174 178 180 178 188 194 202 200 192 222 213 158 153 165 173 186 190 186 189 183 167 160 160 186 204 209 224 230 228 223 210 212 209 203 204 207 203 200 202 170 186 208 205 200 174 161 160 160 172 196 203 193 184 164 146 150
184 191 179 170 174 129 123 173 176 181 180 191 198 185 181 170 128 139 182 190 184 174 178 192 198 181 178 189 185 174 180 179 173 170 168 183 194 186 178 175 177 182 183 189 194 201 196 198 219 186 124 145 160 164 182 188 184 184 173 165 166 160 182 200 202 205 212 221 213 203 209 198 185 179 175 168 174 179 160 167 182 173 170 163 150 157 165 176 182 191 204 193 148 118 114
177 189 181 170 172 148 155 185 186 193 183 194 195 176 177 174 140 146 196 196 186 195 199 203 192 172 175 185 190 189 192 187 181 178 180 196 197 177 172 176 176 183 185 189 195 199 194 198 194 156 137 154 147 150 159 156 164 172 161 151 141 137 162 184 186 177 188 204 202 200 201 171 137 145 149 143 161 165 144 140 158 154 142 129 131 153 163 164 155 178 202 180 143 131 136
185 188 187 175 172 173 168 175 185 190 194 208 194 167 168 163 138 149 203 195 186 193 182 189 182 169 173 182 193 188 184 186 187 187 187 190 177 163 168 174 177 185 187 190 195 198 194 191 181 173 177 182 182 176 135 88 70 70 45 17 13 9 24 78 136 144 155 143 140 175 162 114 97 124 110 110 148 158 146 155 176 168 156 150 170 188 176 160 145 163 169 155 144 146 142
192 190 191 178 172 177 169 157 170 204 211 203 181 151 142 135 136 160 190 175 163 178 183 188 179 169 175 188 195 185 178 182 181 182 181 177 172 168 172 174 179 186 187 190 194 196 192 187 185 186 188 189 190 187 154 108 80 69 25 8 22 14 30 61 53 51 97 91 102 117 88 78 101 128 104 119 150 162 191 208 211 204 199 198 210 204 170 147 127 94 70 93 68 24 34
185 182 182 166 164 168 166 145 173 219 208 190 175 157 150 153 172 178 180 172 171 193 194 183 170 170 181 190 193 185 180 179 179 186 183 180 181 177 178 178 181 187 187 190 193 194 189 184 183 186 187 187 189 190 191 186 182 172 139 152 214 210 223 228 138 75 61 48 74 56 48 98 148 175 151 162 181 196 236 236 229 227 204 192 193 166 130 109 100 14 0 34 6 0 45
180 176 173 146 143 154 157 143 176 210 188 172 166 167 175 178 189 181 175 175 182 190 181 172 169 185 190 183 186 184 179 176 189 199 186 180 183 178 180 181 182 188 188 188 190 191 186 181 180 183 183 183 185 186 186 184 183 185 206 234 252 231 233 241 184 213 170 92 81 68 99 122 151 196 167 155 184 214 231 242 221 211 165 130 109 107 56 0 0 0 0 77 74 118 175
