output/spatial/raster/area_a_multibeam_clip.asc
NCOLS 1000 
NROWS 750 
XLLCORNER 306002 
YLLCORNER 6220002 
CELLSIZE 4 
NODATA_value -32768 
[rows 126 to 167 of 750, columns 285 to 379 of 1000]
229 248 252 241 208 187 176 202 247 252 243 236 221 202 218 163 146 241 241 236 239 228 226 218 207 213 212 204 204 186 191 208 200 189 186 190 188 189 184 176 178 190 193 189 191 185 174 178 185 180 165 141 187 228 227 220 220 219 200 214 245 241 206 178 77 45 218 225 198 67 0 0 35 0 0 0 70 177 176 184 190 180 176 177 176 175 177 179 179 182 188 179 162 150 124
242 251 251 228 200 202 206 234 251 247 232 221 208 194 213 183 164 228 231 212 217 217 217 211 211 212 205 200 193 173 181 189 187 188 188 183 170 176 176 162 158 175 183 185 189 180 169 179 182 166 156 163 209 225 208 200 207 208 199 235 254 250 199 0 0 0 229 214 102 0 0 23 33 0 0 31 121 177 177 188 191 175 172 177 177 175 178 179 178 182 184 161 140 127 104
242 252 248 213 196 211 217 235 242 239 224 211 199 192 214 218 185 195 215 193 193 214 212 210 207 192 185 187 177 161 163 162 171 185 181 163 162 179 174 157 155 159 171 187 185 181 181 188 182 167 175 189 200 196 181 189 199 189 184 219 214 113 0 0 0 90 213 189 35 0 58 34 9 0 10 85 123 181 179 190 187 171 173 176 177 176 179 180 179 178 174 169 164 147 137
239 247 238 211 207 211 207 212 215 219 213 209 201 200 220 220 183 185 198 180 195 218 217 212 199 186 185 180 172 164 158 156 169 186 178 160 176 184 167 130 109 107 128 148 158 178 185 181 176 178 197 197 203 205 191 209 214 194 185 175 92 0 0 53 186 186 140 86 13 17 102 17 14 12 6 33 78 183 182 189 183 175 177 177 178 178 180 180 178 177 178 180 180 180 178
223 221 211 202 207 203 193 199 222 218 206 203 201 206 215 208 186 185 184 182 200 209 212 210 200 195 186 171 167 161 150 152 164 173 153 149 173 165 121 69 78 117 163 195 199 198 195 185 181 175 197 220 234 226 209 230 223 198 185 164 84 40 124 195 182 157 62 20 23 38 63 0 8 0 0 50 104 184 188 191 186 187 185 178 180 180 181 178 176 177 181 185 193 200 197
205 206 198 198 206 199 194 202 232 224 202 198 198 202 200 196 185 178 171 174 188 194 199 204 204 198 180 167 173 168 160 168 176 162 146 172 186 176 140 107 141 171 209 229 221 204 192 175 171 175 221 239 228 215 207 210 198 180 158 126 108 125 157 159 138 109 27 18 74 62 34 0 39 6 5 125 109 150 186 187 190 198 192 179 177 178 179 176 177 179 185 196 207 214 202
190 198 205 214 213 197 200 206 216 212 200 200 201 201 194 189 182 177 172 168 173 177 185 197 200 192 179 172 181 180 179 186 190 168 185 211 204 200 184 165 183 187 210 206 193 185 177 167 171 194 229 225 200 204 194 161 153 164 131 112 139 122 114 133 108 60 11 49 109 62 36 10 29 2 21 104 60 120 184 183 190 195 178 157 161 173 176 175 179 180 184 191 196 201 182
198 196 208 213 202 186 197 199 197 205 210 210 207 204 193 185 173 166 174 166 155 162 173 182 184 182 181 180 180 184 190 191 188 174 200 215 201 191 177 178 185 170 208 222 197 180 171 173 190 208 212 191 180 161 110 94 131 157 112 122 163 132 120 132 74 18 36 110 95 35 44 11 17 24 9 28 65 163 189 181 185 178 149 145 163 176 177 176 181 180 181 179 174 174 166
224 222 210 201 197 189 204 205 203 213 219 214 206 196 182 176 161 156 174 156 125 146 171 181 181 175 177 183 174 185 198 191 187 179 188 202 196 186 182 179 167 165 199 220 203 188 190 203 214 212 196 162 142 100 75 122 171 169 123 140 165 124 88 84 35 26 108 130 47 7 16 0 21 28 0 31 144 191 176 167 175 164 150 168 177 179 178 177 182 179 179 179 177 175 168
238 236 222 221 223 214 223 222 208 206 211 209 202 188 167 165 161 166 177 140 108 136 174 189 184 175 180 191 184 192 197 186 187 179 178 191 196 193 191 183 179 192 197 200 197 199 214 223 216 193 165 149 150 150 172 208 202 169 141 148 157 101 1 0 0 57 131 112 25 0 0 2 27 0 0 86 171 172 160 163 172 168 170 181 177 179 179 178 181 178 178 181 181 181 176
235 235 225 225 227 219 220 216 199 201 206 198 194 188 173 178 180 174 170 133 110 133 172 187 183 181 186 192 185 182 170 168 177 168 164 177 192 195 195 188 188 194 179 172 182 200 214 211 195 186 168 161 178 191 190 184 172 139 119 59 27 0 0 0 88 139 104 51 0 0 27 61 53 0 17 140 166 170 169 172 177 177 178 182 177 180 180 177 181 178 180 182 183 186 185
229 233 219 208 216 209 198 193 196 202 194 182 186 189 173 182 184 164 151 123 109 118 147 169 179 183 182 183 180 168 153 165 174 153 130 139 170 184 187 181 172 159 139 151 181 206 212 199 188 193 164 151 179 185 169 150 138 111 75 0 0 0 0 135 200 133 46 26 8 23 86 89 62 43 99 175 180 183 182 176 178 176 176 180 175 180 179 175 181 180 182 182 183 184 182
220 226 201 189 206 205 200 201 204 193 175 175 188 184 157 164 161 135 121 112 90 83 116 161 188 189 183 186 183 171 160 165 160 137 108 126 169 182 185 174 154 145 149 169 192 202 198 190 184 179 146 148 184 183 162 134 97 64 26 0 56 105 136 202 138 66 49 65 62 82 132 127 111 120 137 166 182 183 184 175 176 175 176 179 175 179 177 173 180 179 179 178 179 180 182
202 207 189 186 208 212 210 209 196 169 161 167 178 166 135 138 122 89 94 85 53 82 147 196 203 186 179 182 174 165 159 154 151 159 148 176 214 210 204 182 165 163 165 169 179 184 179 177 178 174 165 177 191 175 139 113 73 25 0 29 118 135 141 139 89 71 79 85 80 120 167 165 144 140 146 163 155 153 172 170 176 177 176 178 177 179 177 173 180 178 176 176 179 183 187
178 187 181 184 203 194 181 176 151 128 127 135 147 143 121 110 91 90 126 98 104 185 201 217 198 175 175 181 174 168 163 157 169 197 194 203 229 226 209 177 169 163 158 162 176 177 172 176 177 178 179 182 171 154 130 91 36 0 21 85 109 85 69 53 56 74 88 102 105 145 168 142 126 132 135 142 142 136 135 150 176 182 179 180 180 181 178 177 183 179 178 178 182 183 184
174 180 166 152 163 155 142 143 134 110 102 112 118 117 106 103 113 131 150 147 199 227 194 204 189 171 177 182 176 174 178 182 196 216 209 206 215 201 179 157 151 142 145 166 187 185 181 188 179 170 161 150 130 125 107 63 31 26 76 123 82 33 22 25 65 99 110 122 132 159 156 124 137 150 125 135 148 142 116 122 172 185 183 182 182 182 179 179 183 180 179 179 184 184 184
164 163 131 100 117 130 148 170 168 139 133 139 131 123 110 119 137 148 176 208 223 207 169 180 191 184 177 173 171 179 196 205 209 215 205 187 174 149 136 134 140 138 151 171 183 188 195 197 174 160 146 135 118 108 83 57 66 73 96 118 56 15 37 70 131 151 149 163 169 182 173 149 167 170 133 139 144 142 95 75 150 184 183 179 180 181 177 178 183 180 179 179 184 184 184
145 128 87 65 109 146 168 180 171 158 153 141 150 151 121 127 156 182 214 223 204 170 155 164 173 181 171 165 173 186 197 198 195 196 183 157 138 116 106 115 134 146 162 172 177 185 191 188 165 160 148 124 102 94 79 59 66 58 66 79 36 46 135 178 198 191 192 203 192 198 194 170 180 181 141 134 128 106 47 52 150 183 181 174 177 180 177 178 183 188 191 183 183 184 184
150 115 74 61 112 135 135 133 123 125 123 109 126 132 130 184 211 202 195 175 145 138 150 151 137 140 139 141 154 164 171 170 168 173 160 131 114 92 92 114 134 145 155 167 177 178 172 167 158 150 127 111 102 96 83 61 60 59 63 65 57 111 197 209 198 198 213 213 196 203 194 163 166 174 144 132 115 75 43 85 168 180 180 173 181 188 184 183 192 203 200 178 178 185 186
132 106 78 82 133 133 115 107 108 110 103 97 97 104 168 219 213 189 182 174 155 160 162 134 114 136 168 188 191 185 184 182 178 176 150 112 101 85 93 116 130 145 160 174 176 167 160 159 156 141 123 124 113 100 83 57 59 60 55 60 82 146 196 199 197 217 226 215 197 196 176 143 151 166 138 118 97 73 64 105 168 179 180 176 185 188 179 177 196 211 199 168 170 184 183
100 89 77 109 168 184 176 165 146 105 85 88 116 176 228 225 204 203 210 215 206 204 189 137 119 164 208 226 225 218 214 210 201 197 166 121 120 119 106 98 109 126 136 146 155 155 156 155 149 136 128 125 110 105 87 72 56 36 48 66 91 142 178 189 203 221 221 209 191 179 156 135 142 144 110 86 87 58 45 104 166 179 183 176 185 182 173 176 207 225 201 163 164 180 183
81 85 99 137 185 223 233 213 156 103 103 156 223 235 235 227 227 228 226 220 207 204 191 155 142 178 205 213 217 214 212 208 198 196 173 136 142 141 79 73 118 123 107 112 134 146 154 155 146 125 113 116 116 106 91 67 24 34 93 118 130 165 182 167 164 184 196 189 170 160 144 130 131 113 83 75 71 23 32 119 167 182 183 176 185 181 177 184 217 228 186 153 162 177 183
94 124 151 167 203 232 232 179 136 148 205 248 251 234 221 223 232 229 222 208 199 200 185 171 152 163 205 208 204 200 197 193 178 169 155 139 145 129 62 81 153 154 145 158 168 167 165 153 137 122 113 124 120 86 52 17 17 83 152 173 160 173 188 173 180 200 202 177 145 142 137 127 119 87 76 90 85 52 78 155 178 182 183 185 193 180 177 189 211 203 151 146 166 177 187
130 171 178 175 212 221 196 135 180 230 244 253 244 223 222 224 222 213 204 192 192 199 183 171 152 134 175 194 186 174 168 165 151 143 142 142 141 126 64 84 164 171 186 201 198 192 173 136 121 121 116 117 93 39 5 10 50 119 175 170 126 142 186 213 232 235 215 165 127 127 126 111 93 76 90 114 101 71 92 156 180 181 190 195 187 172 183 204 213 188 147 158 173 177 182
153 180 180 179 213 216 178 185 245 247 242 242 226 213 216 218 212 213 200 176 171 186 174 153 135 99 130 178 175 160 156 153 143 145 155 151 133 127 88 99 169 184 197 205 206 195 160 123 122 124 101 62 37 0 0 39 64 102 123 97 86 139 201 234 236 220 189 141 117 117 108 82 72 83 106 126 97 63 83 153 193 193 199 194 179 182 206 222 209 186 182 182 191 186 171
151 160 162 176 198 195 210 247 251 231 219 218 205 197 202 207 205 207 196 167 166 177 154 129 116 85 118 171 176 177 186 180 156 156 163 155 138 150 150 133 172 205 212 224 220 188 146 121 117 84 42 29 32 12 27 65 84 119 120 111 132 171 200 211 202 171 149 123 112 103 88 74 79 102 117 127 84 55 110 191 203 187 191 190 183 193 209 206 177 179 192 184 203 189 157
102 116 132 171 207 233 249 251 234 213 218 209 199 203 207 203 191 187 177 155 152 157 139 131 127 91 112 164 176 188 200 190 170 176 180 169 161 176 174 153 163 186 215 228 213 177 142 116 55 0 9 56 60 67 83 103 135 159 167 169 174 184 186 179 169 141 123 110 107 98 98 110 125 137 135 123 56 56 163 201 179 178 199 193 184 189 190 180 168 183 189 192 212 180 139
83 100 126 174 212 234 243 233 214 214 213 201 196 198 194 185 175 171 162 148 144 160 169 163 126 81 103 158 176 178 169 157 162 178 184 177 172 178 165 150 158 174 198 204 187 148 116 70 0 0 61 102 101 142 151 170 189 182 192 192 199 208 198 191 169 128 108 107 111 113 127 148 155 151 141 91 37 95 180 163 165 204 209 178 182 195 192 191 185 190 194 195 198 158 128
123 107 138 189 212 215 223 213 207 205 198 188 188 181 171 169 169 175 165 154 158 174 181 164 100 66 102 152 178 174 154 134 128 131 134 128 137 157 158 156 166 163 147 91 65 33 0 0 2 97 193 196 185 191 186 199 190 190 207 196 204 205 187 189 166 119 101 110 119 129 140 146 143 127 128 60 31 124 166 147 195 222 188 152 181 201 189 186 180 183 186 180 188 169 141
160 126 148 208 240 244 236 206 197 193 184 181 182 174 173 179 183 183 168 157 157 160 151 120 74 88 148 177 192 190 180 165 148 139 131 125 153 180 176 167 157 76 19 0 0 0 2 80 143 206 220 216 200 203 205 205 184 173 174 161 154 134 139 149 122 94 77 76 81 117 149 138 128 108 80 23 53 159 168 170 213 199 150 151 185 195 169 175 184 186 188 188 214 202 152
195 127 116 197 233 234 218 186 180 177 172 175 171 169 171 178 182 174 160 153 147 139 118 94 99 158 190 184 199 198 185 181 175 176 174 185 212 211 183 161 142 18 0 0 60 142 212 232 222 232 227 214 189 209 209 191 171 150 138 131 128 133 150 126 82 66 59 69 86 123 114 85 92 74 43 51 121 169 174 190 203 168 147 163 179 176 155 175 188 180 179 185 195 194 158
164 58 54 155 201 195 171 162 175 184 180 183 178 170 167 171 173 157 147 145 132 125 118 138 180 206 188 154 170 174 174 180 184 190 200 214 218 199 162 135 110 18 35 157 220 247 247 231 220 224 218 210 187 187 180 171 173 164 118 96 137 175 174 120 69 71 96 115 131 138 85 60 71 59 92 164 176 174 198 209 199 178 185 196 189 180 183 201 207 183 173 191 196 204 177
86 16 50 155 208 214 197 192 202 206 201 198 185 166 161 163 157 140 134 129 122 136 154 187 208 199 152 111 133 158 176 192 201 207 216 214 197 172 145 120 97 56 111 201 231 248 238 212 198 187 183 174 135 123 148 161 176 175 93 76 147 163 141 77 56 105 145 147 147 165 166 152 146 161 192 175 135 170 215 211 198 201 211 212 192 193 211 210 218 208 202 222 198 170 129
69 34 80 179 221 232 228 233 232 220 204 193 176 159 151 146 141 134 134 119 108 131 162 191 185 156 104 84 131 166 183 195 201 200 202 189 163 139 126 112 104 122 163 199 228 239 220 190 178 177 177 156 113 120 147 146 158 154 61 55 133 132 91 47 82 154 181 179 186 201 184 169 195 227 205 132 130 188 204 183 191 212 209 199 195 204 211 181 194 214 201 206 183 160 136
45 38 90 175 207 216 223 231 228 210 184 165 153 147 136 120 83 67 77 76 96 127 136 143 103 61 54 75 141 172 181 188 193 192 191 175 145 130 121 100 114 167 186 187 214 218 200 178 159 161 165 136 115 142 145 128 136 125 28 25 108 107 75 78 143 194 218 199 194 178 126 154 203 209 151 97 148 195 189 182 195 203 199 209 216 212 202 151 189 218 190 187 179 147 143
111 125 135 171 197 195 201 207 206 191 162 142 140 135 112 77 36 56 61 64 117 144 135 115 58 45 87 118 162 179 181 199 213 207 194 178 160 158 153 154 184 201 187 169 193 201 178 150 135 142 139 114 111 125 113 112 92 40 0 25 104 91 93 131 175 214 227 185 151 126 129 179 178 139 80 83 141 190 201 190 191 198 213 227 216 204 202 167 221 241 201 186 146 104 121
202 190 156 175 213 204 196 190 188 178 155 140 142 122 77 48 47 97 104 114 143 152 156 128 95 129 174 175 181 183 184 209 219 198 177 172 169 173 177 195 209 200 184 170 188 196 174 150 147 156 110 82 93 79 62 58 33 10 11 43 78 88 127 159 177 198 181 129 107 117 149 165 150 109 89 129 167 196 190 166 180 199 202 198 194 194 202 200 220 218 181 172 135 115 149
212 189 153 161 216 186 176 175 179 169 134 99 101 82 42 43 63 106 133 154 162 146 134 112 128 169 181 181 182 183 185 199 187 158 153 149 144 155 179 196 190 184 178 174 195 207 197 180 182 167 76 71 105 50 20 25 35 53 59 66 96 136 172 177 174 177 157 142 142 148 164 168 161 148 153 171 179 183 163 156 181 189 172 159 172 187 199 206 197 185 166 163 146 134 177
194 169 146 113 162 152 139 138 135 123 89 56 60 50 29 51 95 149 169 175 177 162 139 132 157 179 181 181 182 184 183 183 158 137 136 133 146 171 200 208 194 188 172 168 195 207 199 183 181 140 55 71 71 4 18 67 79 65 56 98 155 189 205 190 173 179 181 185 179 156 159 178 180 184 183 176 178 175 169 175 187 184 175 173 175 181 201 203 184 171 148 148 178 173 186
176 149 119 80 120 164 129 97 97 101 72 54 71 68 48 88 147 174 175 180 182 181 178 174 175 178 181 181 181 183 180 179 171 160 154 160 179 202 215 209 192 175 155 159 177 181 178 164 149 115 56 24 0 0 74 103 92 86 98 143 180 202 200 169 161 175 177 182 181 155 156 182 183 181 173 162 167 170 177 184 186 184 183 184 184 177 170 161 144 144 150 170 201 185 170
173 148 111 85 129 176 151 111 104 79 46 51 67 74 87 141 171 177 177 181 184 187 184 177 177 177 178 178 186 194 183 180 195 194 189 184 176 188 196 183 160 143 143 155 158 155 139 119 114 97 18 0 0 80 129 88 79 115 137 165 184 188 169 152 165 174 180 193 201 185 172 179 177 176 171 167 170 173 180 184 184 183 183 182 182 181 175 175 171 179 190 182 176 163 169
159 133 83 72 138 177 175 161 136 88 75 81 80 103 134 163 173 178 179 182 186 189 179 176 196 199 188 192 209 211 176 168 201 207 185 173 159 168 170 158 144 146 152 147 134 124 104 88 32 0 0 0 35 105 80 64 95 143 153 172 180 174 171 178 179 177 186 201 215 205 175 167 173 186 184 178 176 177 182 183 183 184 183 184 186 193 214 220 206 197 185 168 162 176 210
