output/spatial/raster/area_b_multibeam_clip.asc
NCOLS 1000 
NROWS 750 
XLLCORNER 293002 
YLLCORNER 6224002 
CELLSIZE 4 
NODATA_value -32768 
[rows 378 to 419 of 750, columns 470 to 563 of 1000]
180 199 201 187 177 178 177 169 177 183 174 176 174 179 183 187 201 196 188 200 188 153 182 189 190 192 186 181 194 195 191 193 181 153 161 187 179 167 199 193 148 169 176 176 178 185 220 242 234 195 166 137 115 129 157 165 185 177 158 184 192 170 154 170 172 176 188 194 188 180 185 201 222 214 196 193 178 169 181 206 197 155 167 194 194 225 216 140 145 151 156 108 34 67
184 188 177 159 162 172 164 163 175 174 161 162 164 169 170 187 212 211 194 179 163 172 200 200 198 197 186 178 184 201 205 185 175 154 166 181 174 167 191 175 149 192 203 200 200 221 243 239 205 176 154 160 157 142 162 173 186 154 131 168 175 160 133 127 156 178 189 190 182 175 183 215 226 195 178 195 188 175 190 203 178 154 175 198 210 231 225 129 130 154 153 89 38 116
175 168 157 139 130 134 143 163 171 164 182 183 166 165 167 189 202 197 185 174 175 185 200 211 206 197 183 182 195 214 201 162 153 144 167 177 173 176 181 170 176 210 220 221 219 232 237 217 187 154 124 169 165 132 174 190 184 153 156 179 176 164 123 126 167 180 188 187 182 181 189 210 196 160 170 203 212 186 182 199 192 176 182 195 203 207 178 100 112 143 141 90 68 156
171 161 164 159 150 144 157 181 176 167 207 193 151 173 179 198 199 188 181 171 186 200 211 217 207 191 186 192 201 209 186 149 148 156 177 175 173 187 202 208 194 204 222 229 216 208 202 183 168 128 116 179 163 125 180 205 203 165 171 182 181 167 150 164 182 182 185 183 183 180 200 213 188 168 173 214 231 180 181 212 200 172 173 184 187 198 172 107 120 146 155 105 69 116
172 165 175 180 188 199 203 199 176 173 208 176 147 196 188 201 201 195 191 169 192 205 203 210 213 188 187 215 222 229 205 159 162 173 184 177 175 184 184 171 159 181 176 177 194 174 174 170 156 132 144 202 166 121 174 206 210 171 177 184 181 173 172 171 173 181 179 187 186 180 215 217 205 199 178 200 203 171 156 180 164 148 160 179 181 182 171 139 144 158 157 58 21 81
175 175 183 185 189 195 184 153 140 155 192 168 143 176 174 206 204 188 173 154 173 191 203 211 220 213 210 231 227 228 194 163 186 192 207 192 169 176 176 171 170 174 144 157 177 147 158 177 168 161 174 197 146 122 172 179 145 122 133 145 171 177 178 173 173 179 191 219 222 212 233 210 213 201 163 197 199 189 131 128 129 134 159 174 173 139 95 75 65 67 37 0 3 119
177 181 184 184 186 181 160 147 153 159 176 157 133 172 205 224 207 175 160 161 185 217 222 215 213 230 227 214 215 217 187 195 218 213 214 170 142 176 180 179 184 191 198 208 182 158 176 193 188 188 185 169 154 156 172 167 142 131 136 160 188 186 175 166 169 183 198 226 239 218 218 193 210 185 153 210 216 198 120 106 142 155 165 158 149 114 60 27 3 12 7 0 75 166
186 184 184 185 191 189 183 189 188 184 193 184 180 217 229 212 184 176 179 197 230 239 220 207 214 222 236 202 200 214 194 212 212 194 194 148 145 182 185 199 207 207 213 201 187 181 183 190 180 181 174 171 174 146 156 176 171 184 204 204 198 190 179 180 183 188 201 229 232 208 189 171 205 191 172 213 202 178 115 108 157 194 187 161 150 99 46 38 40 76 91 94 158 178
185 180 185 186 192 192 188 209 218 219 220 209 200 206 200 184 179 179 179 225 242 227 214 222 231 229 227 181 150 191 176 185 161 132 141 122 136 176 205 227 213 201 206 185 197 198 180 174 165 172 157 147 121 104 157 177 160 180 206 200 193 187 177 182 186 185 209 232 227 199 173 153 200 199 178 203 180 172 149 142 174 210 182 158 148 82 55 73 119 162 153 141 178 183
168 174 192 194 190 192 200 220 220 214 211 203 192 181 181 187 184 166 156 216 229 195 197 193 205 219 192 117 120 184 175 162 126 100 109 119 143 187 230 237 201 193 207 192 204 212 196 176 167 169 138 117 121 151 189 188 169 190 195 180 175 171 163 182 191 175 200 207 193 172 157 147 189 182 166 184 161 155 147 157 177 170 125 125 108 72 90 117 155 187 171 151 174 178
164 183 198 197 187 202 205 200 192 188 197 193 182 189 181 159 156 151 150 189 180 182 199 211 219 208 161 146 164 181 167 150 116 116 147 168 184 210 231 227 200 198 216 208 205 216 198 165 161 156 131 140 178 188 192 192 187 201 198 174 160 161 160 194 202 176 211 210 190 178 161 164 185 178 173 162 142 147 161 175 168 137 130 135 97 85 117 142 172 214 196 157 171 177
185 198 199 191 184 211 211 195 195 200 211 191 178 188 164 154 168 170 175 202 185 183 200 235 235 188 147 172 190 178 170 153 105 133 158 163 179 185 184 183 189 197 211 205 203 213 183 150 159 163 149 165 190 187 191 193 194 199 192 177 176 172 170 190 181 165 206 211 201 187 169 175 177 192 192 148 136 164 186 189 174 158 155 139 110 115 143 164 190 218 194 153 168 183
194 198 188 185 180 196 203 190 191 200 209 192 185 181 165 174 208 207 200 217 215 188 173 182 174 155 149 175 191 173 171 150 107 148 165 172 182 160 153 172 185 194 202 190 189 187 167 148 163 178 173 182 188 193 205 203 199 194 180 176 186 182 182 187 170 168 204 210 201 188 176 173 174 196 194 139 143 186 192 181 177 175 137 115 122 137 148 165 185 185 159 149 161 190
182 182 174 177 183 198 193 178 184 196 199 185 177 184 184 198 231 227 206 207 199 176 152 167 180 163 142 175 177 167 166 147 136 159 171 176 179 175 182 183 178 196 199 179 164 159 171 168 175 181 178 180 179 198 209 191 188 186 178 181 187 188 189 188 178 202 222 220 219 208 197 184 185 197 169 132 159 193 199 186 187 191 114 76 101 115 129 149 159 143 144 162 159 195
175 181 185 188 197 209 199 190 194 201 201 178 164 175 179 208 227 212 194 190 184 175 174 183 182 177 161 176 175 178 173 144 141 144 158 167 169 180 190 180 186 200 186 174 159 168 191 183 166 166 173 172 179 206 197 162 181 189 181 183 185 193 192 183 179 213 221 215 215 193 183 174 174 189 157 153 173 172 189 180 186 182 74 45 93 117 157 166 157 159 171 166 144 177
174 186 194 196 196 199 191 197 202 199 191 169 165 167 164 195 202 183 179 166 173 191 203 211 196 189 170 176 185 191 184 156 145 143 160 172 171 179 190 198 228 214 176 169 160 184 203 171 138 157 171 167 180 202 194 173 196 193 179 180 184 192 188 178 191 226 222 200 196 174 166 168 153 169 165 172 176 161 176 171 181 159 85 77 111 162 202 184 167 177 181 156 152 187
178 188 191 186 183 184 181 182 185 182 168 156 171 174 163 189 202 187 173 156 185 219 224 227 215 183 157 170 192 197 189 178 155 150 164 173 172 184 203 218 232 213 169 159 164 188 204 166 145 171 168 166 189 202 201 183 182 182 177 184 183 178 175 182 201 226 213 185 193 170 158 153 133 168 179 163 165 154 170 182 181 168 130 95 103 180 209 180 155 161 168 153 173 191
181 193 191 185 183 177 179 188 204 197 170 169 186 190 174 206 205 184 179 185 211 231 226 205 194 184 172 174 197 199 193 169 132 135 145 164 170 185 197 205 214 203 176 180 207 223 221 184 164 183 178 181 199 207 197 168 158 179 190 196 176 156 173 197 203 219 211 183 178 157 153 143 147 181 177 152 158 154 161 159 158 173 133 91 105 171 197 172 137 141 164 163 178 187
183 191 184 185 190 183 186 204 217 199 175 182 198 193 181 209 202 183 192 207 221 221 198 177 194 195 188 195 211 196 163 131 117 123 131 159 175 186 186 199 212 200 187 205 227 228 213 195 173 170 176 184 189 193 188 171 167 187 200 187 150 148 190 215 212 222 215 176 158 162 173 169 178 183 160 147 170 166 152 152 166 172 133 111 117 159 189 171 134 143 174 178 185 203
185 176 177 190 193 183 182 195 197 185 178 181 190 183 171 175 173 172 177 194 205 199 188 179 184 182 188 207 215 182 124 122 128 122 137 160 188 197 198 221 224 199 185 204 221 208 183 183 170 150 156 177 179 185 185 177 173 188 205 181 146 164 199 219 217 212 204 171 149 169 182 178 184 182 171 172 186 173 158 173 187 184 160 147 142 166 187 167 147 162 182 185 185 201
180 167 181 195 190 176 178 192 195 191 184 178 180 167 157 169 176 167 159 176 188 183 183 175 176 185 198 204 197 158 129 158 143 136 155 170 199 202 203 225 220 189 178 199 215 206 184 183 170 142 147 174 179 185 183 184 179 185 205 181 150 170 195 214 207 192 200 186 154 176 193 184 184 180 178 175 181 176 156 158 176 187 175 170 164 162 163 155 150 148 159 168 174 191
164 169 177 189 186 176 184 194 194 190 181 170 174 167 166 178 180 171 164 172 173 175 179 169 175 187 199 194 174 143 142 166 157 163 165 175 193 190 195 208 195 167 171 193 198 192 177 173 161 133 140 167 178 177 178 187 179 180 193 168 148 174 200 211 198 188 201 192 164 177 192 187 186 176 170 167 176 174 142 139 159 171 165 163 153 124 121 141 133 120 147 161 170 185
165 184 184 183 181 175 184 194 191 186 178 169 177 174 170 174 166 158 167 175 172 175 173 175 182 182 177 171 166 160 162 163 165 179 178 183 187 181 188 192 179 167 180 198 194 156 139 154 134 123 146 163 167 171 172 181 179 178 185 175 167 181 201 210 205 197 193 181 165 168 186 190 177 167 164 170 178 171 152 150 169 186 175 153 112 76 104 136 117 119 159 169 177 189
181 202 196 177 181 172 179 187 179 176 174 167 171 166 156 168 166 162 178 193 195 180 177 191 191 183 176 182 186 187 192 183 184 187 182 184 177 176 185 191 193 197 204 198 177 144 150 137 106 135 167 176 179 180 169 183 190 183 186 188 180 182 198 205 202 186 172 168 168 171 187 178 158 166 175 187 179 160 146 149 184 203 184 125 72 85 141 153 123 132 170 181 183 187
176 193 185 176 180 172 184 189 176 169 164 158 166 160 159 185 177 172 183 182 172 180 204 206 192 183 187 220 233 220 207 173 170 178 176 175 163 178 188 190 202 208 201 178 159 169 164 118 118 147 155 163 171 174 174 193 203 193 184 189 185 183 197 203 198 178 171 177 183 182 180 176 181 193 189 176 152 141 133 151 189 199 188 117 85 137 167 163 152 159 185 190 182 185
176 176 159 160 160 172 197 198 198 187 174 178 179 160 166 188 171 170 184 175 165 181 183 164 165 166 189 224 227 211 190 138 152 174 176 173 169 190 195 206 221 207 179 162 158 170 136 128 164 164 157 162 168 167 171 190 200 191 175 179 178 184 196 182 171 174 175 175 186 192 192 204 193 183 185 155 146 155 149 172 206 213 202 128 103 167 183 187 186 165 175 181 171 182
181 165 139 145 148 166 187 198 213 187 174 191 183 168 174 189 179 177 181 176 183 180 161 153 157 156 194 222 221 202 164 132 177 180 170 167 175 195 196 221 233 208 198 189 180 185 156 162 186 177 174 184 182 179 182 184 179 177 166 186 198 203 189 138 144 161 158 161 187 200 209 207 177 169 185 172 186 178 153 185 211 209 202 162 126 171 202 207 190 158 162 169 167 182
157 145 131 141 150 159 167 182 185 166 170 186 185 176 180 192 188 182 167 173 190 190 187 177 158 154 166 190 214 182 154 164 187 161 162 170 177 188 200 228 224 198 214 213 200 189 161 179 194 180 183 193 185 175 170 168 175 179 160 198 212 205 188 139 165 173 164 183 198 199 194 178 184 179 189 179 164 130 135 189 192 189 185 157 127 159 191 188 176 174 176 172 182 196
136 150 153 178 178 160 159 178 189 176 167 186 193 174 191 201 186 161 152 163 183 189 180 166 168 188 173 174 185 174 191 191 172 148 169 183 184 199 220 225 210 205 229 233 185 143 156 188 190 173 200 217 195 177 167 167 186 191 158 176 169 169 168 126 159 187 187 187 177 188 193 184 184 176 198 171 124 122 166 201 193 194 173 121 104 134 163 169 176 188 188 166 163 185
163 171 186 207 179 147 149 194 212 167 159 194 184 155 200 205 168 148 159 163 181 177 168 183 202 213 198 208 195 206 196 172 143 131 169 187 184 201 201 181 188 221 243 232 142 122 168 191 189 182 213 228 188 170 189 198 205 189 158 172 176 185 150 113 162 190 193 175 160 187 208 204 182 180 201 154 123 167 199 198 186 176 146 118 114 135 163 175 184 195 187 136 119 171
198 179 196 201 141 108 145 183 156 120 177 217 189 159 203 181 135 149 170 171 181 178 176 189 198 195 191 201 187 191 171 156 122 117 167 188 184 196 205 202 211 221 236 204 130 133 157 188 195 188 216 214 153 157 200 222 217 183 166 174 205 213 151 137 181 185 201 213 199 207 211 204 189 184 174 129 116 165 208 192 161 147 120 111 134 182 186 175 188 205 181 124 142 204
216 177 189 188 115 116 192 188 146 149 192 203 182 176 207 173 131 159 166 170 178 185 181 189 191 182 192 203 206 194 161 131 102 139 185 196 198 221 233 230 244 241 233 190 157 137 127 174 181 178 192 164 129 176 205 209 188 163 189 190 211 196 127 145 187 185 200 203 187 222 225 205 184 170 162 137 143 175 198 162 137 147 155 180 199 211 181 172 203 199 148 136 177 205
161 143 168 187 125 171 228 208 194 198 208 192 159 175 175 141 145 179 181 187 193 186 179 195 193 196 216 221 224 200 141 103 107 164 215 227 224 236 235 236 241 221 168 118 117 122 138 185 188 180 171 156 162 181 181 172 157 183 212 173 191 181 125 163 183 183 185 189 205 217 209 182 139 141 141 147 174 182 169 139 155 187 206 211 199 198 173 182 214 170 127 154 170 172
116 102 144 177 151 202 219 203 207 212 217 187 151 157 123 121 164 187 187 181 182 179 181 182 190 215 233 222 208 178 136 125 148 177 214 228 222 224 217 213 191 156 117 108 103 122 169 179 181 181 178 178 183 186 182 172 174 199 179 118 164 160 139 177 178 181 186 206 218 204 204 174 124 140 132 148 175 176 156 154 182 204 209 190 180 171 155 178 181 143 132 129 125 137
178 158 149 149 161 199 203 208 216 217 203 168 159 164 143 156 181 186 183 175 180 186 184 183 214 222 229 214 204 186 160 157 165 180 202 197 188 182 178 168 165 160 145 156 164 166 172 159 154 174 183 182 200 205 189 184 184 184 151 138 174 163 163 189 189 189 194 193 203 201 201 194 148 161 162 175 189 182 150 147 174 190 182 159 164 152 136 160 158 148 108 79 108 128
194 176 160 169 172 174 179 202 219 214 192 179 177 173 171 184 193 189 185 178 180 185 183 192 233 237 232 211 211 207 185 175 176 189 203 191 160 150 171 180 177 152 137 150 165 175 181 165 155 176 189 193 206 200 188 199 191 191 184 176 180 182 185 191 189 186 193 195 210 177 150 157 125 150 177 188 198 181 146 156 182 199 197 176 177 172 149 161 153 105 65 92 155 166
178 156 162 188 182 190 202 213 215 207 199 182 170 168 173 188 192 184 185 179 181 188 186 200 230 230 221 208 207 197 179 175 179 188 190 172 151 159 176 164 145 137 149 166 170 167 162 159 165 181 191 192 206 211 200 199 190 190 188 184 178 180 186 186 183 183 194 202 200 172 160 154 134 156 182 188 195 178 144 162 191 208 203 188 193 186 162 157 138 96 113 173 201 195
173 179 181 186 200 220 225 217 207 205 199 177 171 173 176 183 180 175 182 183 187 193 190 200 219 216 209 204 199 188 178 176 182 187 185 170 168 182 176 147 139 156 181 196 194 173 155 161 172 177 178 193 222 227 201 192 191 188 188 182 168 177 187 183 183 192 206 206 194 185 183 185 180 178 183 189 195 174 150 164 187 199 193 185 188 181 172 151 148 152 189 218 217 206
178 183 182 185 195 195 199 190 201 209 190 169 167 174 178 183 182 178 181 184 186 189 185 189 212 213 208 199 194 188 180 174 182 189 188 180 183 183 164 154 163 191 217 219 202 183 176 183 189 180 176 187 203 204 188 185 189 185 191 188 176 187 192 185 186 199 208 194 180 179 183 185 183 186 189 197 198 180 165 165 178 193 190 181 178 176 169 143 155 177 202 217 210 187
186 186 181 182 179 183 188 192 213 213 201 184 168 179 181 187 190 184 184 187 189 189 183 182 203 194 193 198 198 196 184 171 179 186 184 180 183 182 171 171 187 210 214 204 186 178 179 188 192 187 186 180 168 162 172 184 179 168 184 189 185 193 197 195 189 198 201 183 176 182 186 184 182 188 195 199 197 182 163 160 167 186 191 183 180 177 165 137 132 141 163 186 178 156
188 186 179 180 190 221 207 195 210 199 190 172 163 180 180 188 194 188 186 190 193 190 183 181 203 188 180 198 198 194 186 174 184 184 177 177 182 187 179 178 201 220 219 201 182 177 176 189 202 200 187 178 182 191 202 204 178 160 172 177 180 190 193 190 180 193 195 178 174 176 178 175 176 188 192 193 193 165 141 150 166 188 196 186 182 164 142 109 83 107 152 187 185 165
186 183 178 180 209 230 215 204 202 189 176 156 164 176 181 189 197 192 182 197 207 194 182 190 212 208 197 196 193 186 182 181 192 190 180 180 181 181 175 192 223 232 222 205 184 171 168 200 218 202 175 172 187 204 198 181 166 164 171 182 184 187 183 177 172 188 189 186 181 174 180 176 176 201 207 189 171 142 143 144 165 188 193 181 161 129 109 77 67 129 178 204 190 168
