output/spatial/raster/area_b_multibeam_clip.asc
NCOLS 1000 
NROWS 750 
XLLCORNER 293002 
YLLCORNER 6224002 
CELLSIZE 4 
NODATA_value -32768 
[rows 672 to 713 of 750, columns 658 to 751 of 1000]
177 187 196 202 188 181 172 173 208 203 163 167 170 172 188 211 192 156 151 164 165 169 187 200 210 207 193 176 194 207 205 196 185 181 175 173 169 169 177 172 160 169 177 180 187 191 199 195 176 172 190 177 151 158 167 177 190 190 175 168 168 172 166 156 153 147 167 181 196 200 183 199 206 197 197 212 216 202 186 181 192 201 191 177 195 212 206 194 192 203 205 208 201 186
172 181 192 198 181 177 180 191 213 194 160 146 144 163 178 173 142 132 145 148 164 188 197 202 196 178 174 166 194 206 198 201 202 187 169 163 156 177 197 188 166 182 193 185 190 203 204 192 162 162 191 183 156 165 178 185 198 192 177 165 157 162 145 135 158 173 180 201 204 191 176 185 203 199 192 191 196 195 181 180 194 203 190 178 208 219 200 181 180 196 205 207 196 185
177 186 195 194 172 173 187 196 208 188 160 144 141 164 163 137 113 133 149 151 197 214 206 205 193 175 166 167 207 208 197 209 201 179 166 165 169 186 184 174 173 190 199 187 189 200 194 179 152 172 205 194 160 157 182 193 198 181 154 138 145 154 141 152 181 193 186 204 198 176 182 193 207 191 171 173 197 195 178 190 194 200 196 180 204 205 192 188 183 199 205 198 189 182
177 185 195 200 174 174 189 194 204 188 167 158 140 145 131 115 127 182 206 213 238 221 214 227 206 180 166 187 211 188 176 182 172 165 164 168 176 177 170 168 167 170 192 192 187 192 188 175 163 188 205 184 150 142 193 205 181 151 130 127 135 149 148 166 189 200 183 192 192 176 194 200 195 190 181 190 205 191 178 186 189 203 197 174 190 191 193 193 178 195 196 189 185 176
172 179 192 199 179 187 200 186 174 161 159 139 112 123 126 138 172 224 231 231 235 201 211 228 208 172 177 195 191 165 174 181 161 135 125 149 174 173 173 183 184 179 185 182 180 184 167 151 156 169 171 149 123 143 197 194 147 122 131 127 147 167 153 172 198 205 184 188 189 179 194 186 174 189 189 188 200 194 180 183 193 197 182 171 181 195 200 192 174 181 177 181 187 183
177 186 198 200 183 183 182 170 164 160 147 106 99 135 149 170 194 221 223 223 214 188 222 238 199 146 172 172 166 161 176 177 153 134 131 166 192 179 175 189 193 183 189 197 183 170 158 155 154 155 146 121 125 162 185 152 111 115 123 131 175 182 162 189 200 189 173 183 188 185 198 186 176 188 186 190 205 195 175 177 182 183 185 182 186 204 205 193 174 167 177 190 195 191
182 190 203 203 184 169 155 158 154 144 132 110 138 174 171 177 181 184 187 200 189 184 223 225 150 113 147 149 160 169 175 165 162 169 175 206 205 172 169 179 178 185 202 205 187 172 160 148 136 131 126 131 145 163 156 110 102 109 93 119 164 171 166 190 193 187 179 186 191 186 197 184 177 189 181 178 192 186 175 182 187 195 195 184 186 199 199 192 174 172 193 200 200 194
182 194 206 200 172 146 135 140 131 133 140 152 184 195 181 177 174 172 175 179 157 154 171 142 80 89 134 155 171 184 192 184 179 171 170 194 188 154 154 165 178 203 207 190 170 142 130 126 129 135 152 159 146 154 139 124 128 113 116 163 199 188 171 188 183 185 186 188 187 183 197 184 173 189 186 190 205 190 178 185 189 195 192 182 184 195 192 191 185 182 195 196 203 197
179 194 202 190 159 129 113 111 120 145 166 181 189 187 183 185 182 189 187 157 137 142 141 107 80 114 157 173 183 191 190 183 180 172 169 176 167 151 160 186 207 217 200 174 147 112 119 143 157 166 168 139 126 150 151 142 123 129 165 198 214 190 175 188 188 196 189 181 182 184 194 184 177 189 189 193 198 182 178 182 185 190 190 185 189 199 195 193 186 184 188 190 200 195
180 192 195 184 152 111 92 112 144 167 181 183 180 184 186 187 184 193 198 173 144 124 122 104 92 131 167 178 183 183 182 179 183 179 179 183 176 164 182 217 225 215 183 156 136 119 138 158 157 148 132 118 136 161 156 128 119 154 182 190 190 176 176 188 195 199 185 182 185 189 192 187 183 186 188 189 189 184 184 185 189 192 195 192 192 198 195 193 194 193 188 192 204 200
187 197 196 185 154 105 105 151 175 181 181 179 181 188 186 181 180 189 203 202 167 131 127 117 112 147 173 179 176 173 177 180 184 178 175 170 163 176 214 232 222 194 154 136 127 122 147 158 145 135 127 130 161 179 161 143 153 181 190 189 193 180 176 187 191 186 175 181 188 191 188 185 182 184 190 190 192 189 188 188 191 194 197 192 189 196 192 194 201 194 187 193 204 198
196 203 200 189 150 101 121 169 183 187 188 185 181 181 177 173 177 187 196 192 174 165 168 168 172 197 199 181 166 167 169 172 175 170 166 155 152 189 215 224 216 171 131 126 126 134 159 155 141 139 139 151 172 181 173 168 175 188 189 190 195 180 178 188 194 192 180 185 192 193 189 186 186 190 191 188 190 188 188 187 189 195 196 194 193 196 194 199 201 189 188 197 205 197
202 205 198 190 130 81 127 171 184 188 188 188 182 180 180 178 182 186 187 185 173 170 184 191 195 207 201 171 148 150 160 168 171 160 153 152 162 183 184 187 183 148 136 134 133 145 160 154 150 152 155 167 172 187 191 179 178 183 183 189 193 179 181 191 198 194 182 189 193 193 189 188 193 195 188 185 191 190 189 186 191 196 204 212 210 199 195 206 209 201 200 207 211 208
194 196 194 186 100 77 154 177 188 192 190 192 189 189 187 179 179 179 180 184 174 167 180 192 195 195 184 158 139 145 159 172 176 156 151 164 175 177 185 170 140 137 123 107 126 149 159 164 162 159 166 175 174 194 196 182 178 179 181 190 193 182 183 194 198 192 184 188 191 193 187 188 194 195 183 183 194 193 190 190 197 204 218 224 211 189 194 213 213 206 206 210 212 209
190 194 188 163 83 95 183 188 194 195 190 187 186 189 182 174 181 185 185 190 174 164 184 193 193 188 177 166 161 171 181 185 182 163 165 178 180 179 191 175 157 147 98 91 132 151 166 170 162 160 172 180 177 189 187 179 177 174 179 191 194 185 186 196 195 187 185 186 190 192 184 187 193 190 179 184 196 190 180 189 209 217 222 217 198 185 196 210 207 200 203 204 208 211
188 198 192 142 82 125 196 194 191 188 184 178 186 191 183 186 198 195 193 195 171 169 186 187 187 183 178 177 174 182 194 196 188 165 174 186 182 180 179 173 169 153 118 127 150 159 174 175 166 164 176 185 181 191 190 181 177 175 185 194 195 186 185 194 191 185 186 187 190 190 184 192 195 184 186 191 194 186 180 208 224 215 210 207 194 181 182 196 206 198 196 193 198 203
193 201 172 95 90 164 212 213 206 191 183 190 198 192 183 195 201 191 199 198 174 179 185 178 175 173 175 178 174 182 195 198 186 162 176 191 186 180 178 176 173 162 136 137 151 170 179 178 168 167 181 185 177 187 187 182 184 189 187 186 191 181 181 191 186 184 191 192 191 190 179 188 192 183 190 189 189 188 197 224 221 200 200 203 194 172 177 207 214 198 189 195 196 196
193 186 123 73 130 178 204 218 191 154 165 188 184 187 189 186 186 183 193 177 172 187 177 172 173 167 182 190 179 191 200 200 189 172 187 199 191 182 188 188 197 179 142 151 168 179 179 181 169 171 185 174 165 177 182 187 191 188 173 173 183 180 191 195 185 185 190 189 193 192 172 184 195 184 185 184 187 191 203 211 203 196 203 201 189 176 196 211 203 194 191 198 188 187
188 171 131 140 185 184 204 205 156 131 185 202 183 195 189 180 195 195 194 175 181 188 173 180 193 199 208 198 191 204 194 195 191 182 193 206 200 195 199 193 199 177 168 196 195 187 194 185 155 169 183 173 170 174 178 179 178 185 183 189 200 193 193 189 183 184 184 187 193 188 180 193 194 180 185 189 192 198 206 217 211 199 202 199 191 189 193 188 189 191 188 195 191 190
196 184 163 158 165 188 214 200 171 162 210 201 184 200 185 186 202 199 194 185 187 183 172 187 201 205 202 196 198 193 180 186 182 177 195 208 191 190 188 184 194 176 187 199 175 179 191 161 151 183 189 180 178 180 187 178 172 183 187 191 197 185 187 194 189 187 182 189 191 183 178 182 193 196 198 190 192 198 209 223 207 189 198 198 184 186 183 182 196 192 178 183 188 190
187 176 140 116 140 174 179 164 164 162 198 186 173 202 188 183 193 198 185 172 179 188 183 188 185 183 187 186 184 180 183 191 185 170 182 183 169 180 184 182 186 173 179 170 147 175 186 157 167 186 184 179 179 188 194 190 188 189 184 183 186 180 187 194 190 183 178 193 192 182 181 190 202 209 205 185 191 198 213 219 193 187 200 189 172 185 192 197 202 195 187 188 181 180
175 137 91 115 168 187 186 169 174 172 185 172 166 193 182 180 196 199 182 174 183 196 191 185 177 185 197 183 182 189 182 181 183 179 188 191 185 186 184 176 173 174 173 165 161 178 184 162 167 193 188 179 179 179 180 188 189 192 201 198 193 191 183 187 191 177 183 203 199 192 201 207 197 197 190 174 189 194 200 198 188 189 197 188 183 194 199 192 191 196 189 192 191 199
188 165 144 167 183 193 191 177 189 184 179 179 181 189 189 187 194 192 173 175 189 194 182 179 186 196 198 176 179 188 173 170 183 184 197 206 195 185 174 163 175 180 167 161 172 180 174 150 164 204 187 175 179 176 184 193 190 183 194 185 181 186 182 196 199 183 189 203 196 193 196 190 182 193 185 173 188 195 202 208 204 195 201 197 193 195 189 176 177 181 176 181 186 199
196 194 170 164 185 196 185 180 200 194 190 205 202 190 194 188 203 203 177 182 187 188 181 176 187 193 188 176 178 193 185 176 179 176 189 190 178 180 182 186 190 173 161 167 181 187 183 168 172 193 173 162 177 177 186 189 182 180 192 183 183 185 184 194 195 185 187 193 182 183 182 179 182 191 185 182 195 195 203 216 213 194 193 188 183 188 185 182 183 186 185 182 188 191
184 170 139 125 160 188 189 202 222 211 196 197 190 180 186 194 206 189 171 187 184 191 187 178 185 186 182 187 193 200 189 177 177 183 192 187 178 183 180 184 183 164 170 180 184 183 181 180 182 189 170 165 178 178 184 181 177 185 191 186 186 183 180 184 186 181 179 182 183 188 183 186 194 188 181 189 189 183 178 192 207 190 188 185 180 187 185 181 186 189 185 179 189 196
176 159 137 122 149 194 219 231 230 211 200 200 198 189 190 198 190 169 169 187 191 197 190 182 188 190 182 183 192 190 183 181 181 194 199 187 185 195 182 177 178 174 183 186 187 181 177 174 173 176 172 174 181 188 192 187 184 189 187 181 185 185 185 192 191 184 182 184 193 196 186 192 197 189 189 189 182 179 176 209 219 192 190 192 188 191 180 180 187 182 182 184 193 198
176 172 169 171 198 230 238 228 213 202 202 190 190 192 191 192 185 184 185 193 192 192 187 180 187 192 186 187 190 189 193 183 175 192 198 188 188 197 187 179 183 186 187 187 185 179 176 174 177 177 181 180 181 186 188 185 182 186 187 183 188 187 187 201 197 192 190 189 196 191 188 199 199 194 191 188 188 184 188 209 182 154 184 191 186 185 179 184 185 184 185 185 196 199
186 185 198 215 224 224 213 195 188 190 185 173 174 183 188 186 192 196 191 188 186 187 185 181 188 190 186 191 189 186 188 181 178 189 190 184 190 195 187 180 189 191 185 185 182 180 177 181 187 185 185 186 187 187 187 185 186 192 192 189 183 181 190 197 192 187 187 191 195 194 195 200 197 189 186 190 189 188 194 194 163 170 198 188 184 182 182 187 184 187 190 197 205 198
181 200 220 228 220 186 182 192 195 198 188 183 177 181 184 183 192 189 180 178 186 188 189 188 189 185 185 191 185 189 196 186 176 186 189 184 189 192 190 189 194 192 189 190 188 185 181 184 185 183 184 184 186 186 189 190 188 192 193 190 181 194 201 194 193 185 191 199 198 200 197 191 179 178 202 207 190 189 193 188 185 214 214 188 184 182 183 188 190 194 202 206 202 190
186 211 218 214 192 164 176 184 192 190 176 181 174 170 174 174 182 179 175 178 186 190 190 188 188 187 191 193 186 201 208 191 181 187 187 183 189 191 190 186 179 181 191 192 187 183 180 182 184 186 184 183 185 183 186 186 182 186 186 182 186 201 198 190 192 188 200 207 198 196 192 180 176 199 226 220 200 211 204 183 203 230 221 192 190 187 186 190 192 196 199 191 181 178
195 200 194 193 179 168 177 178 185 171 165 184 175 164 168 171 184 189 189 190 188 190 188 184 185 193 196 189 187 202 204 188 186 188 186 182 181 181 184 184 176 184 193 185 175 175 180 185 186 185 181 183 186 184 186 186 185 188 186 184 187 188 184 188 193 198 205 204 191 193 197 193 192 201 207 201 201 212 194 192 230 233 205 190 192 186 186 192 194 196 189 196 198 192
184 175 176 186 177 173 182 178 179 175 189 196 178 169 175 188 197 195 195 194 187 189 187 199 206 198 191 182 182 195 204 190 181 185 185 186 188 196 198 188 181 191 193 180 172 175 183 185 182 181 179 183 186 183 189 193 189 185 184 183 185 184 192 201 210 217 206 195 187 187 187 198 193 178 194 188 174 174 180 201 215 203 184 187 189 187 190 188 189 191 188 202 195 184
180 168 165 179 175 175 177 157 163 184 202 196 188 179 182 202 200 194 194 190 178 181 186 211 215 181 202 200 179 195 202 187 185 197 190 187 202 215 206 191 188 195 196 183 175 179 184 186 181 176 180 186 186 184 188 194 188 180 181 185 187 189 199 213 229 229 198 184 184 181 184 191 184 166 204 202 180 178 181 186 177 187 190 189 188 192 191 184 193 192 188 188 171 170
162 161 160 179 181 174 161 148 168 187 190 189 183 160 176 200 188 189 191 183 173 178 189 207 200 164 197 182 155 193 196 186 199 203 184 181 202 207 189 192 196 194 192 179 176 182 190 198 190 178 185 186 186 188 193 196 188 181 186 190 187 182 188 224 243 229 200 180 180 186 193 191 190 187 207 214 197 189 196 195 187 194 191 182 183 192 185 181 196 188 176 178 182 188
145 151 170 190 185 169 159 167 175 179 186 185 158 136 185 195 163 186 203 193 186 194 199 209 200 182 183 170 185 202 204 207 206 196 183 178 208 212 186 197 187 174 183 175 185 192 189 192 182 169 181 189 186 190 201 194 181 179 182 184 183 182 203 237 244 214 207 170 158 191 194 187 214 230 217 219 193 175 194 195 193 197 190 171 171 180 181 185 186 170 165 186 197 195
137 164 181 178 175 170 170 174 163 175 200 188 159 156 208 190 160 208 215 198 187 195 216 230 222 198 181 209 222 203 217 219 200 202 188 162 201 203 178 199 178 161 181 183 201 194 176 190 187 172 179 187 185 199 206 181 188 193 183 185 183 186 210 221 207 183 181 122 120 176 186 194 232 238 213 204 171 171 190 182 186 195 187 161 173 196 196 183 178 174 179 204 200 197
152 193 194 168 161 161 159 160 158 176 191 178 163 181 225 210 199 233 240 232 190 194 228 226 232 216 182 217 208 181 211 201 179 193 171 158 195 188 181 204 186 168 193 200 201 178 170 201 194 175 180 190 198 202 186 174 205 194 173 184 182 191 198 187 159 147 114 67 108 166 173 218 244 224 189 183 153 183 194 179 181 189 176 145 178 209 205 189 193 189 195 209 197 200
180 193 192 166 161 169 165 167 159 162 171 166 158 195 225 215 202 216 240 235 142 157 191 188 231 233 170 193 172 159 196 176 169 181 172 181 194 190 189 193 180 166 195 202 186 165 173 198 179 164 177 187 198 185 174 190 205 173 161 182 183 196 195 185 169 135 78 87 164 180 163 212 224 194 187 185 160 178 188 175 184 197 174 141 174 190 192 186 194 190 195 208 198 197
188 184 181 155 169 189 174 170 160 158 177 176 159 180 182 156 130 130 135 81 31 92 155 219 244 222 162 151 125 159 195 174 182 188 184 181 177 182 192 194 177 166 188 197 186 170 177 196 182 172 181 184 192 192 191 199 200 174 173 185 187 195 192 189 189 143 105 157 199 191 185 207 175 157 180 191 170 164 170 149 163 180 160 155 187 204 196 180 188 187 193 202 191 191
178 170 175 168 185 185 159 163 164 162 188 187 163 173 160 113 95 99 104 89 90 159 219 248 246 195 152 118 102 143 168 164 181 181 172 171 166 181 194 189 176 180 192 194 179 159 180 199 186 177 185 192 201 200 189 194 201 178 171 185 194 198 191 188 183 144 149 191 196 190 195 209 185 158 164 181 169 150 138 132 157 166 163 175 195 208 198 190 194 188 189 194 185 187
152 154 176 183 190 176 154 165 163 162 188 183 162 168 150 108 130 145 156 166 176 227 249 252 234 175 136 105 87 108 151 165 177 174 167 166 165 188 189 176 172 180 185 187 179 168 196 195 174 176 179 189 199 192 181 191 199 175 166 184 192 193 190 186 170 166 192 198 188 179 178 192 188 179 175 169 147 123 122 152 185 196 197 187 191 194 185 188 189 185 184 188 185 183
142 169 184 178 176 162 144 159 163 168 181 166 149 144 128 125 158 163 177 194 217 246 246 232 199 148 99 93 79 111 170 177 182 173 170 172 172 188 180 175 175 178 184 190 190 180 199 192 179 187 178 188 196 184 174 187 192 172 171 184 189 188 186 185 172 190 200 181 190 183 174 180 178 177 180 165 133 125 151 171 193 194 182 187 205 200 192 197 191 190 184 182 180 177
