output/spatial/raster/area_b_multibeam_clip.asc
NCOLS 1000 
NROWS 750 
XLLCORNER 293002 
YLLCORNER 6224002 
CELLSIZE 4 
NODATA_value -32768 
[rows 630 to 671 of 750, columns 282 to 375 of 1000]
182 182 183 179 181 185 193 192 179 175 176 178 181 179 179 182 184 182 182 181 180 182 181 188 186 183 187 183 181 186 183 179 184 190 190 184 178 181 183 180 177 180 184 184 191 196 189 179 181 184 179 180 183 183 182 179 177 187 183 177 187 184 183 187 190 186 183 185 191 191 192 205 215 226 231 238 220 185 170 173 155 131 136 167 205 194 172 183 212 240 229 190 185 189
181 182 174 169 179 184 183 180 170 167 168 172 174 175 179 181 182 180 180 183 182 181 183 189 187 185 186 184 185 188 185 183 188 191 189 184 182 184 185 182 180 182 187 190 194 191 182 180 185 182 178 187 191 185 182 178 182 193 187 179 180 180 188 188 184 184 186 189 194 190 191 203 223 232 222 214 185 173 177 176 168 169 173 192 225 196 156 176 213 229 213 191 200 210
181 178 176 179 187 185 178 173 166 164 171 177 179 181 185 185 182 179 181 187 186 183 184 187 184 184 184 184 184 188 189 186 188 189 187 186 185 185 189 187 184 185 187 187 184 181 179 182 181 180 183 186 181 178 183 181 188 203 192 172 177 185 194 194 195 199 197 192 190 186 192 204 208 196 194 189 169 169 153 99 63 82 130 180 204 155 129 153 155 160 188 198 209 212
183 181 184 186 187 190 188 180 177 178 180 184 186 185 184 187 186 184 188 190 186 183 184 185 185 184 181 182 184 187 187 185 186 188 190 186 192 196 190 185 180 183 185 184 184 186 185 180 178 184 189 183 185 185 183 185 190 205 184 168 191 204 213 213 212 210 201 193 193 192 192 199 192 174 175 174 167 162 122 68 64 89 112 151 173 150 164 171 171 199 216 197 197 192
182 181 186 187 187 192 188 183 185 184 185 190 190 184 184 191 188 184 187 187 183 183 187 186 183 180 181 184 186 191 190 184 182 189 192 191 201 195 183 183 181 185 191 194 192 186 187 182 182 192 187 201 210 189 184 183 185 200 184 199 213 213 225 215 209 205 195 190 193 192 188 192 190 189 202 201 181 165 130 130 178 181 177 191 203 179 181 193 212 219 216 201 203 190
187 181 186 187 186 192 188 186 184 185 193 189 186 188 193 196 188 188 189 187 180 180 186 179 184 190 183 185 187 190 186 182 183 188 188 194 194 182 186 188 189 183 192 202 191 187 199 189 181 185 177 208 208 173 188 188 197 207 197 220 209 196 212 193 187 192 184 182 191 192 202 207 208 210 208 201 185 171 155 160 180 188 204 206 220 190 187 192 191 174 187 199 197 191
191 178 189 188 188 189 183 179 175 186 194 180 184 192 189 188 185 192 195 194 188 184 185 181 199 201 181 187 188 187 186 184 185 187 197 207 189 178 184 183 185 178 197 204 182 181 188 178 171 169 175 200 198 166 176 190 198 204 206 207 175 183 206 188 185 186 177 176 185 188 195 183 182 191 192 189 184 178 169 154 165 192 216 229 231 186 188 193 226 233 225 194 178 169
182 177 183 183 188 185 179 179 183 190 185 179 190 191 175 178 180 189 195 187 187 188 193 191 198 184 169 183 189 191 192 185 177 181 205 206 177 177 186 188 177 176 196 184 160 164 174 171 164 166 187 208 203 158 166 195 193 206 205 187 167 191 197 188 190 175 173 173 177 175 172 168 183 201 218 216 194 186 178 159 178 201 234 242 237 201 207 213 246 246 235 209 177 146
175 175 180 179 183 188 188 186 188 192 183 176 188 189 181 190 184 192 188 172 182 185 191 193 193 178 173 187 188 186 187 183 173 190 204 181 161 179 192 189 169 176 184 171 168 178 190 179 160 168 190 204 186 153 180 197 201 211 194 177 170 181 172 167 165 161 177 176 174 179 186 190 191 190 205 203 180 184 179 168 190 212 237 234 218 208 216 219 236 224 215 197 156 158
167 177 189 183 184 186 182 178 181 190 179 191 204 186 190 197 186 191 182 177 189 179 178 189 190 181 186 197 196 186 178 178 184 203 202 181 173 183 188 182 175 187 193 182 180 191 189 177 176 189 185 179 175 171 186 191 199 198 184 173 160 169 177 174 169 172 178 183 182 187 187 178 172 165 182 176 163 172 168 171 196 230 242 227 206 208 204 204 216 214 195 166 161 180
174 193 193 173 165 176 183 183 194 197 186 199 195 179 186 191 191 192 185 180 183 173 176 185 176 171 181 194 194 178 182 197 194 188 188 186 188 196 191 188 182 190 193 175 181 194 184 183 186 189 180 189 198 180 185 192 197 192 174 152 157 191 192 183 185 183 186 192 188 181 173 172 186 187 203 191 173 166 154 149 176 209 211 204 210 211 198 194 201 193 170 172 189 186
195 191 186 173 164 185 194 195 193 174 175 188 191 183 182 194 192 183 174 182 191 185 191 192 178 173 178 188 184 174 192 205 185 170 181 187 191 192 187 184 169 172 178 179 188 190 179 175 173 175 184 207 207 177 191 199 199 192 171 166 187 203 188 183 187 187 190 182 175 174 175 182 190 182 202 207 181 165 145 122 139 159 175 194 192 185 188 192 194 183 179 189 173 161
198 178 177 183 178 192 198 195 182 160 176 203 210 181 182 194 188 182 175 196 197 184 188 191 188 184 180 191 195 183 190 187 172 179 197 195 186 180 181 177 158 167 179 180 171 177 176 174 180 183 182 193 189 164 191 197 188 189 176 186 197 199 188 183 190 187 184 182 189 185 184 195 187 177 196 199 177 166 150 136 148 159 179 187 184 191 187 180 186 194 198 186 153 148
178 167 171 180 177 185 197 194 188 174 196 217 183 142 169 188 195 190 178 192 184 173 186 186 180 177 180 203 202 176 182 184 174 187 198 194 187 178 182 184 177 188 196 188 176 185 191 192 191 177 172 197 187 160 190 193 186 188 172 174 178 189 189 182 187 184 190 191 191 187 187 189 176 180 192 189 177 167 165 159 172 188 190 187 189 190 177 173 185 189 177 154 147 146
174 180 183 190 188 190 201 196 188 169 185 201 151 147 189 193 189 176 173 184 182 184 197 185 175 174 187 204 189 172 188 189 182 191 194 191 184 182 190 188 180 186 196 191 184 189 194 191 178 171 193 211 185 167 193 197 193 185 170 169 174 188 189 184 185 181 188 177 174 187 185 171 165 171 186 188 173 169 179 170 176 198 182 169 171 172 173 183 190 179 164 146 136 132
190 192 188 188 183 184 191 182 174 161 181 194 168 190 209 191 186 185 187 191 186 189 197 188 187 190 195 199 189 184 193 184 178 189 195 188 177 182 189 188 180 180 180 177 179 180 187 186 170 178 196 193 169 166 184 188 183 175 172 173 179 197 189 178 180 179 182 169 182 201 184 166 175 175 184 189 172 167 165 153 161 189 164 140 147 154 154 163 169 166 164 146 136 150
186 179 175 180 176 174 178 174 174 171 190 200 182 185 191 186 194 194 184 185 183 183 190 185 183 184 186 195 191 179 186 177 169 186 189 180 173 176 184 190 186 178 178 186 189 180 187 187 174 182 190 189 178 178 189 188 187 181 182 180 175 188 180 171 179 179 177 167 185 195 168 165 186 179 185 186 171 168 164 166 181 195 174 155 148 137 129 140 149 156 165 157 154 167
181 180 179 187 181 185 197 195 183 177 190 192 177 180 189 193 195 183 173 179 182 179 183 180 176 173 183 195 186 174 189 181 179 200 190 178 177 182 189 187 182 182 192 194 188 184 187 184 174 184 193 192 185 184 188 189 194 190 188 188 180 196 191 177 183 182 178 171 185 189 165 175 188 176 186 186 176 183 188 200 201 196 187 169 152 134 126 132 143 162 176 172 163 166
181 185 179 184 181 185 196 190 172 170 191 193 181 188 189 192 191 177 179 185 184 181 185 188 183 177 187 193 184 179 189 177 177 194 185 181 183 183 188 191 188 186 189 180 172 178 179 179 177 184 184 181 177 170 176 180 185 185 185 191 189 198 195 185 191 187 181 178 194 199 181 184 186 180 186 186 183 189 201 210 201 196 201 187 171 151 137 139 149 162 173 173 165 167
182 188 180 185 183 186 194 184 169 176 199 196 182 188 188 192 189 178 187 190 186 186 189 191 187 184 187 191 182 176 185 174 172 188 182 181 188 185 189 193 187 181 181 173 174 179 180 184 178 179 180 181 176 172 183 181 182 181 177 185 186 184 186 188 186 182 181 180 194 195 182 185 184 185 186 183 183 190 205 206 195 193 198 193 191 177 161 164 172 174 173 174 170 166
185 191 186 187 187 193 197 187 179 185 198 189 178 188 190 192 191 182 184 186 184 188 192 191 188 184 189 194 182 177 186 178 180 196 185 186 192 185 185 191 186 183 186 183 182 180 185 187 178 180 179 180 175 173 185 183 185 184 178 184 180 174 179 183 180 183 183 179 191 189 179 186 183 186 189 185 190 193 198 191 187 193 195 190 188 188 186 187 186 179 169 165 167 165
179 186 185 183 185 189 187 182 182 183 187 184 176 181 185 191 192 181 178 183 184 190 194 188 179 176 187 188 179 182 191 182 185 195 186 186 185 179 184 190 188 183 183 181 174 170 182 188 185 186 183 184 179 174 184 183 185 191 188 191 182 175 178 180 184 187 183 177 186 183 177 184 179 183 187 185 188 186 188 186 195 204 200 192 186 192 198 201 192 175 158 152 162 169
175 184 186 182 182 187 190 189 182 178 183 185 179 183 189 193 191 180 179 185 187 189 187 180 176 181 190 188 183 188 190 183 187 191 185 186 187 183 184 187 186 178 176 177 166 163 179 186 185 185 182 189 184 174 184 183 189 198 190 188 184 188 190 187 187 182 174 170 181 182 179 184 182 188 191 186 184 179 183 187 199 205 196 185 182 193 200 200 192 173 154 153 168 176
179 184 186 183 183 191 197 193 179 181 189 188 184 189 199 199 188 180 179 185 188 184 181 180 183 185 191 190 187 188 184 181 187 187 184 188 186 182 181 186 184 174 174 176 164 163 176 176 174 176 176 185 178 175 191 193 197 199 187 186 190 197 193 186 189 182 170 172 184 184 177 181 186 196 197 189 184 176 181 187 196 198 191 182 180 193 198 192 187 175 164 171 180 187
184 184 184 183 183 188 194 189 176 185 190 186 184 187 197 191 181 181 180 184 188 183 183 187 187 184 189 191 189 184 181 185 191 188 186 184 180 179 179 184 181 171 168 166 160 165 177 181 179 176 173 178 178 182 200 199 193 196 188 187 195 200 194 186 193 188 176 180 190 189 183 190 194 198 192 182 181 173 178 186 197 201 195 184 179 191 194 186 185 180 177 185 188 189
181 171 175 184 184 187 196 191 179 187 189 185 182 185 190 186 184 185 184 188 191 186 188 195 190 184 189 191 187 180 185 194 194 189 184 182 182 178 173 176 173 162 158 166 171 174 184 188 180 176 181 186 184 182 190 185 183 194 188 184 189 197 192 182 193 190 180 183 197 200 194 196 193 194 185 176 182 177 184 194 204 206 198 184 178 192 189 178 187 189 187 196 196 190
180 167 179 188 180 186 198 188 178 188 190 183 183 186 192 194 190 185 181 183 184 183 189 194 186 181 187 188 186 186 197 193 184 182 180 185 187 176 167 176 175 167 172 188 185 177 181 184 181 188 196 192 187 184 180 169 172 187 188 185 187 194 182 168 186 190 182 185 201 204 195 186 178 191 187 174 190 188 183 193 200 197 191 185 180 186 178 178 196 197 194 202 196 189
192 173 180 185 181 193 200 186 176 183 178 171 178 188 194 192 188 186 182 181 186 186 188 191 181 176 185 191 189 188 191 177 179 187 189 192 188 183 173 187 189 178 186 197 187 170 180 194 200 203 200 183 178 188 181 174 183 196 199 189 183 189 178 172 192 190 184 186 199 199 182 171 178 195 183 182 200 183 173 188 188 185 188 189 182 175 179 195 204 196 194 201 189 182
188 169 176 184 187 197 201 187 176 185 183 177 187 197 193 186 185 188 184 173 187 189 186 192 182 182 194 196 186 178 175 171 188 194 192 187 179 189 172 182 188 172 185 186 183 179 195 208 199 194 196 182 180 188 177 177 186 194 193 178 176 189 186 182 191 189 186 178 182 185 169 170 188 190 188 203 190 160 175 187 180 189 198 191 175 167 194 207 196 190 199 201 187 175
181 180 186 186 194 198 192 180 178 198 198 189 196 194 190 190 186 181 172 167 183 188 191 195 185 184 189 185 178 173 180 184 194 188 178 178 176 180 162 172 183 171 180 179 186 185 188 202 189 186 191 179 179 189 182 180 187 200 191 172 178 191 189 179 183 189 185 165 171 183 172 180 189 185 194 201 172 158 184 186 183 211 216 195 184 182 203 193 174 190 197 174 154 151
196 194 190 183 190 187 182 178 179 193 184 170 185 192 191 185 174 178 179 178 182 190 188 187 184 182 177 174 175 178 191 191 189 175 168 173 171 170 170 178 180 176 178 182 182 169 165 188 189 190 192 171 168 184 191 191 195 196 183 178 184 191 189 180 184 188 183 177 193 207 198 193 197 199 193 183 163 158 182 183 179 195 187 184 188 184 195 178 171 190 181 157 155 162
186 195 193 182 178 178 186 181 182 180 163 165 188 189 175 174 181 194 191 174 173 177 174 185 181 172 176 185 182 176 189 192 186 179 177 172 164 164 179 176 165 179 184 181 175 167 169 190 190 181 177 158 162 181 188 181 174 170 174 186 190 192 182 174 184 180 191 195 192 199 192 179 189 193 173 178 177 168 183 183 181 183 180 186 182 180 192 187 186 194 184 174 175 183
193 202 189 180 174 186 198 185 184 193 186 184 192 185 173 182 199 207 180 162 180 175 183 203 195 172 169 179 188 194 197 188 179 182 174 169 175 175 184 178 172 189 185 175 178 179 183 191 185 191 188 158 170 185 184 183 174 178 191 191 185 186 181 183 190 185 201 196 182 186 184 178 187 188 179 204 196 176 184 188 190 191 194 185 185 199 195 183 184 197 192 171 164 184
215 218 195 180 171 182 188 170 170 184 179 177 196 192 189 187 196 204 159 153 182 178 187 205 205 165 154 187 208 208 192 172 164 161 160 178 183 176 181 186 183 197 202 176 190 193 175 171 179 206 193 158 187 196 192 193 183 189 199 187 185 197 193 189 196 196 194 195 204 207 214 195 183 187 192 207 179 160 178 187 184 185 186 180 196 195 164 165 184 199 189 166 174 193
199 206 196 172 176 180 187 174 174 184 176 189 201 188 191 179 185 185 150 157 178 177 182 203 204 146 142 210 214 178 155 154 166 162 171 183 169 166 175 188 174 175 192 178 204 187 153 187 204 192 151 145 184 195 194 185 190 201 194 196 204 203 185 181 195 189 188 206 215 207 200 165 165 188 184 194 171 158 185 190 186 191 193 190 205 181 154 193 208 199 175 169 191 193
189 199 188 172 188 179 187 184 183 192 185 203 212 197 188 166 170 181 182 164 161 181 196 211 198 146 150 210 206 166 155 154 168 175 180 179 176 189 189 189 168 161 174 166 184 174 154 195 191 180 176 175 182 182 186 185 201 199 177 195 192 182 184 190 197 184 186 190 194 191 173 150 175 186 171 185 169 160 185 186 184 183 184 196 205 171 170 201 195 172 163 177 188 182
192 200 175 168 171 163 185 184 180 182 171 204 219 186 174 173 170 185 180 142 153 185 204 212 202 164 152 204 200 160 151 168 185 185 185 186 188 202 200 194 184 181 188 168 183 190 161 197 193 191 201 183 184 188 188 186 189 180 169 189 181 175 189 191 193 191 183 179 196 187 162 154 162 164 165 177 164 161 171 173 177 180 197 207 185 161 172 174 158 150 177 192 180 182
177 168 152 143 145 172 201 176 181 192 182 217 208 157 152 161 159 171 162 154 175 187 192 197 200 158 142 200 204 156 149 183 191 184 185 188 187 201 196 183 183 173 197 210 222 204 159 203 196 183 196 177 182 188 184 181 181 180 176 197 198 192 204 193 186 190 181 187 202 182 170 165 169 192 192 194 185 182 179 178 188 191 203 190 178 188 182 181 170 164 180 182 172 185
183 184 184 165 172 200 190 140 171 183 182 210 192 154 142 145 174 192 181 182 178 177 180 189 186 135 137 208 202 146 160 185 180 175 185 193 186 191 172 154 153 154 210 221 210 182 134 176 170 168 198 180 181 185 179 182 184 181 181 193 190 186 197 180 175 185 180 183 196 185 174 176 183 191 186 189 188 190 184 188 198 190 190 180 189 185 174 183 172 172 177 177 169 180
195 201 204 184 193 189 152 137 178 179 182 189 179 151 139 157 189 187 174 190 177 176 182 205 207 171 162 212 190 142 167 178 176 176 186 186 173 171 164 157 161 172 195 167 147 152 142 182 176 197 210 175 182 184 180 180 180 183 191 191 179 171 174 172 176 186 186 185 194 176 152 172 174 163 172 179 183 188 186 189 191 186 187 185 180 166 176 174 169 180 176 171 168 179
189 197 201 176 191 194 165 172 199 193 187 175 159 141 136 163 177 168 175 187 171 176 185 203 201 185 156 195 205 160 169 172 178 186 186 178 174 179 185 182 180 183 191 180 164 184 180 171 177 204 210 179 188 182 182 181 177 201 209 183 179 183 185 187 184 183 182 180 194 184 164 191 182 165 181 182 187 191 184 183 185 184 185 183 185 197 205 181 173 181 174 179 183 189
179 192 195 173 182 192 178 191 206 193 180 173 160 155 158 178 180 192 191 181 175 175 186 195 177 150 121 174 205 149 150 172 185 193 183 176 178 185 195 189 177 182 194 195 182 190 170 155 192 204 185 157 169 181 179 179 174 212 207 161 183 193 189 182 180 181 183 182 210 198 167 196 176 164 183 185 187 187 180 183 185 181 184 185 189 208 208 169 179 191 181 194 195 192
