output/spatial/raster/area_b_multibeam_clip.asc
NCOLS 1000 
NROWS 750 
XLLCORNER 293002 
YLLCORNER 6224002 
CELLSIZE 4 
NODATA_value -32768 
[rows 84 to 125 of 750, columns 470 to 563 of 1000]
119 154 174 141 156 190 166 167 175 212 215 182 195 193 183 201 215 214 214 195 161 171 185 186 202 188 166 178 179 193 201 195 197 189 179 188 186 99 35 150 189 188 183 177 179 183 192 188 176 178 183 188 185 180 186 190 178 171 180 183 175 165 171 165 166 199 177 136 174 184 190 199 195 190 188 190 179 173 181 196 193 183 191 203 208 180 197 225 196 178 193 188 182 195
126 174 163 135 179 190 155 171 196 238 223 162 196 192 191 212 214 211 213 192 168 172 181 184 199 184 175 199 197 200 203 203 203 188 180 189 168 125 127 167 185 184 173 176 181 181 184 183 187 184 184 188 178 180 186 179 172 170 180 183 183 185 183 188 183 205 189 153 187 183 183 189 184 184 190 186 171 173 191 195 189 188 190 194 192 184 234 238 156 158 190 187 186 197
138 177 148 146 191 185 147 171 208 224 190 132 174 184 182 204 205 197 197 177 168 172 176 179 186 181 178 203 202 192 196 194 188 176 175 189 179 185 178 164 176 175 171 178 179 182 189 192 195 190 195 193 181 183 185 178 169 165 177 187 196 192 186 198 196 213 187 154 184 180 183 189 189 187 193 184 169 178 192 193 187 180 176 185 181 180 220 192 81 137 183 182 175 188
161 185 155 170 197 167 141 172 197 188 147 124 158 182 191 208 196 177 175 162 153 156 164 169 184 192 183 193 185 173 193 197 185 171 174 187 179 172 162 164 177 175 174 178 179 187 192 188 190 190 195 192 180 178 182 182 171 171 186 196 193 182 182 189 201 208 178 168 184 185 189 190 189 186 192 186 170 177 189 192 188 177 178 191 181 170 193 133 76 159 183 179 174 189
186 188 159 176 190 167 165 181 186 181 165 157 171 186 198 204 188 170 175 166 149 156 173 172 181 182 176 197 193 178 187 184 174 173 186 193 187 176 179 184 183 177 178 182 182 186 184 178 182 190 193 188 175 174 190 189 172 180 195 201 185 173 182 185 192 185 171 183 193 189 180 182 189 191 191 186 172 180 191 194 194 184 184 196 182 169 184 139 135 188 184 176 182 195
191 172 144 164 178 178 183 184 185 189 189 182 178 180 185 190 183 176 187 179 160 169 189 181 175 189 198 206 195 183 193 197 194 187 190 193 181 177 187 184 185 183 183 185 182 186 187 181 186 195 188 180 171 177 194 185 178 189 189 198 189 172 186 189 189 188 182 193 195 176 178 190 199 195 187 181 175 180 189 192 194 194 187 200 187 168 186 174 173 187 183 181 185 192
176 147 144 172 185 191 181 166 173 184 193 187 179 179 188 194 183 176 184 177 170 179 193 171 170 207 213 203 191 185 201 218 206 177 180 189 173 174 180 173 187 184 175 185 188 187 189 184 191 198 186 180 170 175 187 180 178 178 177 196 191 170 187 192 196 201 195 199 184 170 188 192 191 186 179 178 172 172 193 199 188 187 172 186 182 166 186 185 181 182 185 186 185 190
158 160 176 192 188 188 171 157 184 197 191 184 179 175 190 197 184 174 176 176 189 203 200 173 184 209 208 194 184 186 200 208 175 159 188 197 188 192 189 178 189 181 175 192 194 185 189 185 187 193 181 181 173 171 186 188 176 172 183 193 184 169 186 192 193 190 185 185 176 182 209 194 178 184 179 174 167 173 194 191 176 184 177 186 179 169 182 189 192 194 196 186 181 188
172 183 185 191 181 180 170 176 211 205 184 181 173 170 190 199 186 174 174 180 203 210 184 170 187 209 213 191 178 187 197 193 168 166 190 190 181 189 181 174 184 179 178 190 192 185 191 186 182 187 178 183 177 173 182 181 173 175 183 188 188 175 178 185 187 184 185 189 181 188 214 190 163 183 178 173 172 181 190 185 177 186 185 186 183 182 186 191 198 192 191 187 184 189
181 169 170 186 176 182 185 190 201 175 165 176 176 175 191 196 178 172 174 183 199 184 148 158 178 201 207 193 185 194 195 181 167 167 185 189 182 187 176 169 185 183 180 188 189 184 189 179 177 187 180 184 176 171 179 183 179 180 185 196 195 174 174 184 192 196 193 190 181 196 210 183 161 171 174 174 178 188 196 195 188 187 187 190 193 192 189 195 199 184 180 186 179 181
175 167 175 185 173 186 188 185 179 159 168 183 185 185 199 191 174 177 177 184 191 166 146 171 191 209 209 194 185 205 207 185 178 185 196 200 190 191 176 165 187 189 191 197 193 190 186 172 184 193 175 178 176 167 182 190 186 190 191 198 191 168 180 192 195 197 196 196 189 205 211 191 169 164 175 176 185 199 200 188 186 189 183 180 180 179 189 194 194 186 179 183 174 181
171 175 186 182 174 189 185 178 173 168 180 188 184 178 184 175 175 179 180 186 188 174 170 182 200 217 216 196 195 226 215 187 191 200 202 196 182 182 174 169 188 186 186 190 189 192 183 168 188 191 176 188 184 170 183 187 183 194 197 191 183 174 187 204 207 207 208 198 190 195 191 175 156 158 165 166 188 204 197 183 186 188 172 172 170 171 179 178 185 184 180 184 183 190
169 173 177 171 183 198 187 181 175 170 183 184 171 160 168 173 176 179 182 183 183 183 184 185 209 218 209 192 185 216 201 149 174 189 196 184 171 177 170 172 187 179 175 175 174 182 174 175 196 182 172 187 185 174 186 200 196 199 203 182 178 189 196 204 196 201 202 188 184 185 180 165 147 159 166 166 189 199 191 176 182 177 165 183 179 188 189 175 177 180 179 175 186 189
182 167 165 168 187 193 180 177 172 170 186 195 179 167 184 197 189 181 182 177 180 187 182 184 208 203 194 194 189 227 208 120 170 178 184 165 158 178 180 181 184 178 177 184 187 184 170 187 197 168 162 183 191 176 184 198 184 182 196 174 176 193 191 180 178 188 188 192 188 185 187 177 161 177 178 169 185 195 187 165 179 179 173 190 186 203 203 179 181 183 172 175 190 184
183 164 179 180 179 179 177 169 169 175 196 211 183 173 195 200 187 178 184 174 181 185 176 186 196 188 198 204 237 254 225 127 165 184 195 178 178 188 193 179 176 183 175 189 197 186 176 192 186 161 169 200 199 168 179 181 173 189 203 186 180 192 191 173 196 203 187 198 192 182 193 185 169 177 169 168 191 209 205 178 186 194 190 192 193 206 197 181 192 191 179 187 188 185
168 162 178 182 183 185 184 172 181 181 197 209 179 182 193 192 187 188 185 169 182 186 188 196 189 193 200 194 239 250 208 95 107 194 200 176 181 190 195 168 170 183 166 192 200 175 176 195 182 170 180 205 191 164 181 191 199 203 201 181 169 189 205 184 203 203 173 196 201 189 194 175 160 172 178 183 199 202 197 172 176 193 188 182 184 191 185 185 180 181 187 189 185 185
161 170 163 176 181 186 182 172 178 173 191 200 188 182 166 190 199 183 166 166 197 197 194 191 184 195 191 192 205 208 151 42 84 188 192 189 216 218 194 162 174 183 178 201 200 175 175 183 170 171 169 178 169 164 184 205 194 189 201 165 157 179 193 188 200 188 152 195 203 190 197 175 160 176 194 187 192 194 180 169 184 192 185 172 176 200 190 170 152 167 168 169 171 175
161 163 159 179 182 184 187 188 180 179 193 197 187 165 152 182 183 174 171 170 193 195 197 196 194 200 203 217 203 174 116 53 114 171 196 215 236 217 150 137 174 174 180 186 181 172 159 166 182 193 172 173 171 167 173 197 175 189 214 156 160 178 200 225 219 186 162 201 200 195 209 174 149 174 192 179 184 188 165 172 178 178 187 165 185 213 198 172 162 174 169 171 169 175
159 166 165 186 195 186 189 185 175 183 201 198 167 144 145 182 200 191 176 168 227 237 206 203 192 186 205 213 195 151 120 89 89 147 189 192 194 182 124 134 188 186 182 182 185 182 159 182 207 191 161 182 188 172 176 196 186 206 223 151 157 187 219 241 225 162 155 206 213 204 192 157 133 162 182 172 175 172 164 185 185 177 179 166 185 195 191 173 162 178 182 179 183 184
151 153 156 188 189 173 176 178 183 181 203 196 170 166 175 215 223 197 173 172 230 247 194 180 182 188 204 191 168 141 120 71 72 173 187 176 183 199 171 137 191 188 176 186 197 189 166 189 196 162 153 190 187 170 198 218 207 192 201 157 144 190 205 202 176 109 131 201 216 191 167 150 145 153 169 169 172 176 180 191 184 173 176 172 183 190 189 163 145 177 183 177 182 179
137 134 162 181 163 163 178 188 187 174 202 204 178 167 190 220 215 188 164 168 197 196 186 112 173 195 198 188 185 184 148 105 153 201 184 186 213 229 172 90 156 171 163 179 199 187 172 193 183 166 178 193 172 169 201 215 200 149 181 176 131 185 190 174 132 113 153 206 213 194 186 169 164 155 163 174 173 174 176 179 173 173 185 180 196 209 208 170 148 186 182 174 174 173
126 164 196 188 174 176 193 193 174 171 200 207 160 138 181 205 201 167 150 192 230 231 185 62 156 181 187 203 207 204 190 180 204 204 183 192 234 223 82 67 151 172 172 183 215 198 176 195 179 175 177 180 169 177 186 190 188 154 208 187 120 175 188 187 165 153 160 201 217 197 196 166 147 150 197 205 176 184 186 187 189 191 191 185 201 212 209 166 148 185 178 169 174 176
112 181 197 191 190 181 195 186 177 186 205 214 164 159 207 212 190 149 161 208 218 227 178 78 182 197 210 218 220 226 210 203 225 210 168 174 219 170 48 149 186 177 180 199 214 163 145 174 172 181 181 188 183 183 179 180 194 172 206 194 133 177 189 195 186 181 173 194 211 204 198 149 125 162 233 214 134 192 189 184 187 192 190 182 189 180 178 156 147 182 179 175 178 178
122 180 177 169 168 165 184 185 188 185 211 219 183 191 216 211 202 179 179 181 162 158 109 101 205 215 211 199 205 212 184 196 217 199 155 161 175 99 72 189 184 173 184 213 209 149 164 189 186 184 181 187 181 181 181 192 218 185 193 194 141 178 190 197 188 208 192 175 184 196 175 111 125 182 219 193 123 211 199 182 189 193 184 178 181 169 168 150 148 184 183 179 176 176
158 184 177 169 182 184 184 196 185 174 196 196 204 207 218 201 202 187 158 168 165 146 117 129 193 195 161 149 156 170 160 189 217 207 157 154 162 119 131 179 173 171 182 215 200 143 182 189 180 182 179 178 174 178 179 190 206 169 165 160 131 169 186 194 196 217 176 162 199 177 117 84 145 193 213 185 162 216 182 152 187 191 186 188 210 214 214 188 175 189 188 185 176 177
175 184 186 184 196 186 175 186 174 175 186 189 196 189 200 183 190 169 125 166 164 164 164 164 177 148 123 139 156 162 153 180 209 214 152 132 155 166 177 178 180 176 177 197 157 123 173 175 176 184 180 178 173 176 175 175 198 183 155 160 159 175 185 188 220 237 181 193 219 197 151 132 178 203 210 186 155 169 144 133 185 193 194 197 215 207 181 170 182 191 190 187 174 175
162 183 182 179 181 171 172 183 185 185 193 192 162 119 123 161 180 134 119 166 161 168 172 183 187 169 161 173 188 171 153 169 182 170 109 104 152 168 179 182 180 174 175 180 156 158 184 186 187 182 178 174 172 178 183 182 203 183 151 178 177 178 182 179 195 211 203 207 217 195 145 129 167 190 193 175 159 161 155 155 180 191 192 192 186 155 142 165 185 189 191 187 171 173
129 174 176 178 180 179 184 184 186 187 189 175 150 122 145 176 150 89 108 164 171 174 176 183 175 166 172 186 188 190 191 202 198 145 96 120 169 176 183 185 182 175 175 182 183 181 184 187 184 181 183 177 173 179 183 180 181 170 164 172 174 179 184 182 170 183 235 218 191 124 91 126 161 185 199 191 186 189 187 182 185 182 182 183 176 174 184 184 176 189 192 178 171 175
110 174 177 180 182 188 189 181 183 183 185 176 170 174 203 195 151 150 160 180 183 180 180 182 167 154 160 178 184 194 201 209 198 166 155 163 175 174 180 181 178 172 175 183 183 182 185 191 190 185 184 181 177 180 180 178 194 212 193 166 177 183 186 184 179 210 206 219 151 90 109 163 179 196 198 187 186 185 185 187 180 167 182 192 189 190 191 172 169 204 197 174 177 170
104 174 179 178 183 188 183 178 179 180 184 184 200 197 193 163 125 175 184 158 189 181 181 185 178 177 170 180 190 185 191 198 205 180 162 173 173 184 195 189 185 179 185 194 189 188 186 197 202 192 191 184 177 177 176 179 194 207 186 161 184 188 184 193 205 230 203 178 176 97 84 157 181 201 201 177 164 158 161 163 158 158 176 187 187 187 205 198 182 211 196 169 180 165
101 138 160 185 187 179 176 175 174 180 188 197 205 180 164 159 137 200 205 115 169 180 181 181 178 178 172 187 193 190 196 213 227 200 169 180 179 189 189 180 187 202 220 208 182 183 192 208 204 193 192 178 172 174 179 183 201 212 181 159 183 186 185 201 210 223 218 204 204 75 30 149 181 236 240 168 142 143 157 168 168 160 160 153 161 187 232 228 164 196 176 162 178 167
89 106 155 184 184 178 182 180 180 193 196 202 199 171 165 179 183 227 207 93 174 186 184 181 182 179 168 178 175 179 190 214 220 191 159 171 177 173 172 178 195 229 241 180 149 179 199 209 189 180 182 170 171 172 179 187 217 221 173 160 177 185 184 188 192 207 215 210 206 124 65 152 188 235 230 92 138 172 186 188 171 154 149 142 184 222 240 234 132 155 191 194 183 170
118 143 175 178 184 183 186 185 186 199 193 197 207 188 173 181 189 198 132 95 185 191 184 185 188 183 169 189 208 208 196 210 210 173 146 158 176 178 181 187 194 216 227 135 119 183 191 194 176 177 186 169 170 177 192 198 212 202 156 161 181 187 177 177 195 208 204 215 219 136 49 93 199 213 142 60 151 193 186 166 144 136 135 144 203 220 214 195 109 136 208 206 176 173
154 162 177 196 204 191 185 179 177 181 179 196 206 179 155 176 191 183 153 151 183 183 174 185 187 181 173 195 220 222 204 212 208 179 171 178 195 198 186 182 162 155 157 122 121 178 179 191 180 188 192 163 163 179 191 192 204 194 152 156 178 179 174 183 193 182 154 159 154 53 30 105 202 199 147 121 169 182 157 145 137 139 146 160 206 205 192 198 171 157 177 172 172 173
143 143 169 206 202 185 175 167 174 177 177 196 203 174 145 171 188 176 193 198 189 181 182 196 187 173 183 199 212 210 197 205 200 190 182 180 198 190 173 176 154 152 132 116 132 147 177 196 190 193 188 162 169 185 181 183 195 183 156 148 171 180 179 188 188 178 148 158 146 71 120 159 171 184 175 164 172 165 150 155 159 162 166 170 207 201 187 193 207 155 119 175 189 170
121 128 155 198 182 160 160 162 177 188 196 207 198 169 150 178 189 186 201 185 181 192 200 194 177 193 221 220 224 217 192 202 205 194 165 151 187 195 174 168 155 179 162 153 156 135 179 194 187 186 186 171 182 195 191 195 190 178 166 144 180 200 174 168 173 176 166 190 191 141 133 150 167 187 173 165 162 156 154 168 175 170 172 172 202 198 188 171 140 94 95 193 192 159
99 127 145 179 163 138 155 171 181 195 197 204 196 169 162 184 193 196 196 176 187 200 198 178 170 197 207 181 171 180 191 209 199 175 152 151 195 198 161 154 154 172 166 192 187 152 179 191 179 178 186 172 172 174 172 175 178 186 176 158 192 202 171 171 181 171 167 192 198 170 120 179 188 173 173 176 163 151 149 175 177 173 179 184 209 215 199 167 138 108 137 182 163 133
127 152 145 170 155 135 167 180 180 188 185 190 191 164 166 183 188 210 206 174 190 196 182 173 177 183 169 147 154 170 181 194 186 171 165 171 190 156 124 130 139 166 189 214 200 167 178 190 179 173 182 167 157 155 158 168 176 185 179 172 180 182 173 171 179 167 166 186 181 130 80 152 179 159 176 202 160 120 150 182 177 180 185 182 200 212 193 171 188 191 192 175 141 125
185 173 152 158 136 140 174 179 174 189 191 188 183 160 172 181 175 190 178 149 180 190 177 171 175 183 185 189 191 185 178 175 174 169 161 161 158 142 132 125 138 179 206 211 192 171 181 192 185 183 194 172 158 166 171 182 178 179 174 155 148 152 148 149 162 161 165 158 140 107 78 125 158 151 161 198 155 120 173 185 175 178 182 176 186 196 183 167 184 190 190 179 145 132
179 162 148 142 128 147 175 180 178 192 191 188 183 168 176 187 189 205 188 146 174 188 176 172 176 181 188 199 188 176 185 169 153 146 139 147 147 154 157 161 167 185 191 189 178 166 180 193 190 191 197 173 165 177 181 182 178 180 165 138 140 146 148 161 170 167 173 166 172 144 115 135 152 153 166 214 215 137 148 179 174 181 182 171 181 190 180 158 157 171 186 180 143 135
168 152 150 152 137 153 186 187 183 189 187 186 181 171 168 188 202 216 197 149 181 188 178 180 182 184 185 190 181 174 183 183 190 182 163 169 172 179 186 180 167 172 182 190 180 172 188 197 194 189 188 168 167 185 180 172 184 178 156 147 154 164 173 184 181 177 177 170 174 154 129 127 143 150 164 207 227 104 84 178 176 183 183 175 192 202 187 148 134 151 142 132 127 133
157 124 148 160 161 174 183 176 179 187 190 189 183 178 174 191 195 222 200 134 182 189 183 185 182 185 183 187 181 175 184 199 208 195 173 177 180 185 188 173 165 179 195 198 180 180 195 201 197 186 185 168 170 185 173 169 164 136 147 162 163 171 174 176 176 178 178 167 155 135 138 150 159 163 164 167 154 66 68 182 179 183 186 183 195 205 190 154 153 172 144 127 130 132
