output/spatial/raster/area_a_multibeam_clip.asc
NCOLS 1000 
NROWS 750 
XLLCORNER 306002 
YLLCORNER 6220002 
CELLSIZE 4 
NODATA_value -32768 
[rows 168 to 209 of 750, columns 285 to 379 of 1000]
136 100 62 93 163 180 179 175 171 161 161 150 144 159 162 165 173 180 180 182 184 181 172 182 215 214 197 213 220 203 155 152 191 183 141 140 143 164 168 152 136 135 136 124 110 88 76 79 0 0 0 0 50 53 61 102 142 167 168 177 177 174 181 182 173 174 182 193 199 176 143 146 158 184 189 180 179 176 183 186 185 184 191 197 191 194 208 197 175 166 164 178 177 197 224
85 73 84 137 174 182 179 176 180 177 169 171 173 176 201 201 192 196 185 181 181 181 184 204 226 222 207 210 199 175 138 138 174 144 89 93 120 164 178 149 119 113 110 104 102 74 73 13 0 0 12 54 46 79 130 165 172 175 175 179 177 175 180 179 177 177 179 180 162 129 119 145 154 171 186 182 178 170 184 190 186 187 195 190 177 191 196 170 162 170 179 195 180 190 214
87 110 140 164 173 181 180 183 189 177 169 179 184 213 244 223 206 216 186 179 185 199 217 235 243 231 209 184 164 153 122 118 134 80 38 73 139 181 169 135 115 107 99 89 6 0 0 0 0 0 45 100 118 151 164 169 178 181 179 181 179 177 178 177 174 168 165 158 138 128 142 164 154 163 184 181 170 165 185 189 181 184 187 180 180 193 188 183 199 197 182 173 155 164 213
142 161 171 175 177 182 182 188 185 170 176 207 234 249 250 221 202 196 169 198 227 235 244 248 243 225 200 166 149 148 113 93 79 40 65 151 195 189 137 90 78 83 81 14 0 0 0 0 15 102 128 157 168 172 170 174 181 182 179 180 180 179 180 177 166 154 150 150 152 156 164 161 150 166 182 170 158 163 185 187 177 178 181 188 190 186 188 195 192 168 147 142 147 173 221
175 183 211 214 191 190 185 181 174 177 214 246 252 250 237 202 178 160 166 214 238 241 248 246 232 213 190 157 140 144 95 66 67 83 166 208 198 160 111 84 96 83 1 0 0 0 99 105 121 145 164 170 174 174 170 177 182 183 177 178 179 177 179 178 170 165 165 170 172 170 171 170 167 175 176 164 162 178 196 186 174 183 190 200 197 189 201 199 176 155 151 162 183 214 236
201 221 244 233 184 183 185 182 189 224 249 253 251 235 216 195 171 164 187 225 240 241 238 231 214 194 174 143 119 96 45 43 84 135 184 188 156 109 89 93 108 24 0 0 32 114 152 160 165 167 169 166 171 170 169 179 182 183 177 177 179 178 178 178 173 172 177 180 179 177 182 181 177 177 169 167 180 207 212 177 183 209 210 217 210 197 206 199 177 170 178 185 214 237 243
229 245 246 223 151 131 167 189 227 251 253 248 233 212 210 197 170 180 211 232 241 234 221 219 201 170 150 121 87 41 22 56 117 150 167 168 116 65 22 0 0 0 0 86 156 153 171 174 178 180 177 173 180 173 169 181 183 184 177 175 179 178 177 179 174 172 177 180 180 178 182 180 179 179 170 174 188 204 197 165 195 217 212 219 196 169 179 177 162 169 192 210 234 234 226
246 236 179 116 68 89 160 190 232 243 240 233 219 201 201 193 176 193 219 226 228 220 207 204 179 139 118 93 48 16 48 117 149 111 108 92 29 15 0 0 17 41 147 190 177 194 185 199 224 187 181 203 185 161 163 180 182 183 177 172 177 178 177 180 175 173 177 178 179 178 182 183 184 184 177 184 191 185 174 162 182 195 203 193 131 131 162 166 164 184 205 215 216 193 199
197 122 74 73 85 132 175 190 218 218 218 222 207 189 196 198 186 194 209 205 199 194 183 175 144 104 90 50 0 17 89 141 97 34 78 70 37 64 89 153 227 236 233 201 181 208 201 211 227 177 205 230 189 160 161 185 182 182 180 172 177 182 177 180 177 175 182 190 199 213 220 210 194 180 177 184 189 188 180 155 156 165 166 131 101 151 177 168 169 195 212 204 191 188 210
138 99 114 138 158 173 183 190 220 221 217 215 195 185 201 204 184 185 190 174 162 151 141 132 100 61 28 0 0 51 75 53 14 39 143 153 166 202 232 236 239 233 224 210 174 194 217 195 187 202 218 213 183 136 128 185 179 181 183 171 177 184 177 182 183 188 206 227 234 238 231 211 182 168 180 180 187 194 180 158 167 165 156 140 140 175 182 173 185 216 220 189 192 216 226
186 182 193 193 178 179 188 191 216 208 200 209 186 184 198 190 160 156 150 131 124 113 106 89 34 0 0 3 45 76 51 32 53 141 210 221 229 239 250 246 247 246 222 207 153 165 224 179 154 222 232 190 166 131 78 122 177 178 181 169 176 184 179 189 222 236 234 243 240 230 218 203 174 174 184 180 193 187 171 167 181 177 183 181 165 179 189 190 212 234 219 175 197 210 207
217 233 233 212 175 184 191 191 200 185 199 211 182 181 178 155 114 104 101 94 96 91 95 84 22 6 24 49 60 46 64 102 153 203 234 246 243 244 251 249 240 229 193 174 170 185 219 194 157 193 196 189 172 117 62 102 174 174 182 170 177 193 202 226 251 250 234 228 220 221 218 198 186 199 177 182 200 190 181 173 186 179 185 191 178 191 202 206 220 219 186 180 210 215 213
239 253 232 188 150 158 179 192 214 222 223 209 173 154 121 101 69 57 79 95 107 107 120 120 73 63 47 45 44 49 117 150 206 242 249 250 251 250 246 241 234 220 181 178 191 189 200 190 163 194 221 231 197 102 108 116 119 172 183 169 192 238 243 242 253 253 238 203 208 234 219 191 208 215 186 178 178 205 194 200 216 190 210 232 229 213 227 229 219 192 158 173 193 207 217
224 235 216 144 134 118 149 206 233 236 225 204 159 115 44 23 20 36 85 100 99 102 111 111 94 59 32 61 99 127 186 215 248 252 244 245 245 236 224 227 223 213 183 199 218 212 211 208 199 210 216 219 191 93 88 91 75 143 182 179 235 254 246 243 246 242 234 208 202 223 213 195 210 203 185 174 181 201 176 196 215 206 238 242 231 202 217 223 207 206 189 188 185 188 204
215 217 185 131 141 116 160 231 231 225 219 193 129 87 29 34 66 87 93 80 71 63 56 63 53 11 9 79 159 172 226 249 249 240 226 226 223 192 180 191 204 218 195 212 237 225 212 210 207 210 189 162 142 64 24 59 82 110 200 239 254 254 250 253 249 241 227 219 212 217 219 214 220 202 176 168 186 202 195 194 197 199 227 234 213 208 214 208 196 192 172 198 227 229 239
200 173 150 153 175 132 153 211 204 201 200 164 116 100 65 94 148 129 88 90 103 77 59 49 20 1 32 127 191 208 247 247 221 215 202 179 167 152 171 193 208 223 214 226 244 236 222 215 194 192 142 117 126 76 19 52 90 91 211 252 253 253 252 253 254 240 219 221 225 217 216 216 217 194 165 161 167 197 228 221 216 203 230 238 193 215 215 192 196 177 155 198 232 243 248
173 150 151 168 170 87 94 161 173 182 178 155 150 158 100 93 129 104 103 145 137 82 68 64 58 87 131 177 206 230 243 223 194 204 174 154 177 189 214 227 235 240 229 232 240 232 230 220 172 172 140 106 88 54 24 58 130 150 237 248 250 253 254 254 251 243 228 229 235 224 209 206 202 180 165 163 164 203 230 218 208 195 208 211 192 219 216 204 203 176 171 189 221 242 242
185 185 147 132 100 28 84 163 184 203 204 189 191 194 133 93 127 134 160 160 96 78 97 120 147 171 170 198 234 240 236 221 217 209 162 166 206 226 239 241 240 239 228 225 224 215 223 211 151 147 103 35 10 38 74 100 181 210 229 246 254 251 250 252 251 245 234 232 237 232 209 192 177 167 167 173 174 198 222 215 218 212 201 202 215 233 224 225 205 192 188 162 204 236 235
183 178 141 114 103 118 169 189 206 224 223 208 199 191 163 93 109 131 115 101 89 134 150 163 178 212 220 230 245 235 223 207 214 198 148 177 198 206 224 230 225 220 222 225 219 220 224 194 115 100 18 0 24 123 190 184 191 221 232 241 248 246 253 254 252 247 236 235 235 228 201 177 154 155 169 179 184 194 217 224 227 209 187 200 231 239 227 227 207 211 197 173 190 210 224
180 182 175 194 225 226 188 197 217 224 214 186 181 173 131 60 31 29 57 104 147 181 208 225 219 242 238 224 237 211 177 173 196 178 128 183 221 229 223 213 211 209 212 213 205 202 181 110 40 52 17 23 139 212 238 223 197 215 230 224 241 253 254 252 250 249 238 237 226 211 189 172 153 155 169 177 189 194 219 231 231 210 179 196 229 234 224 218 212 210 194 201 186 188 205
185 207 232 249 252 220 168 170 157 137 127 119 125 87 0 0 0 13 117 162 183 212 243 242 223 241 238 225 224 191 183 197 180 136 121 202 241 240 224 210 201 193 186 179 160 145 113 53 35 92 114 116 190 233 242 233 222 219 202 221 245 249 253 247 248 243 235 234 219 203 179 170 158 150 159 173 190 200 225 230 221 211 185 190 218 230 224 218 212 203 193 200 179 181 193
163 231 250 250 234 172 132 103 40 30 51 24 9 0 0 0 41 111 166 178 213 239 242 229 224 246 245 231 208 175 194 177 145 141 149 208 215 181 177 176 152 145 146 125 105 113 113 111 151 210 204 179 209 228 231 223 225 223 212 225 245 241 240 241 242 238 231 230 216 196 166 161 161 153 156 172 196 209 221 217 205 207 190 190 210 213 217 217 207 204 196 195 185 193 201
157 210 236 218 194 136 96 37 0 39 90 54 31 22 44 127 166 169 177 210 242 246 236 233 241 250 248 235 212 181 191 129 112 188 183 187 154 133 156 144 124 117 92 82 99 138 178 197 213 228 218 212 214 212 220 223 217 214 218 218 227 224 227 232 232 227 222 219 202 177 152 152 167 166 154 172 200 204 209 206 199 201 195 201 210 199 216 223 208 210 203 196 193 205 208
110 133 163 129 80 40 11 0 18 133 213 209 165 165 166 163 167 177 216 252 252 247 240 239 248 250 237 217 211 192 193 140 98 153 178 173 150 148 162 157 152 131 113 154 205 231 239 228 232 230 223 225 202 198 214 212 205 208 217 219 226 219 222 229 225 216 210 204 181 153 145 162 168 157 151 173 193 182 191 199 199 207 203 208 215 200 213 223 214 216 207 202 197 203 207
89 75 67 44 45 74 82 102 143 217 252 222 150 174 177 177 179 218 251 254 253 241 237 236 244 242 222 205 206 205 201 172 75 79 163 175 178 176 170 168 159 164 201 232 247 253 252 239 238 230 219 214 192 195 206 203 203 211 223 221 216 206 212 225 215 200 188 172 151 142 161 179 165 151 152 167 178 169 189 197 201 211 197 201 203 197 211 221 219 217 207 206 197 196 199
82 46 65 94 154 219 215 191 157 195 210 177 127 121 175 186 217 251 254 254 253 237 233 238 237 231 222 203 218 222 205 172 52 35 132 176 183 181 192 192 192 235 248 253 249 253 252 239 228 219 204 194 191 195 203 197 189 204 221 208 189 186 186 199 200 189 177 167 151 152 178 183 162 152 155 171 183 182 192 189 197 199 176 185 199 212 224 221 217 215 212 209 199 198 195
41 75 141 175 201 218 221 192 141 104 113 116 81 82 174 214 249 254 254 254 249 234 226 232 232 225 214 198 215 220 202 167 40 10 112 179 185 185 221 236 246 254 250 254 252 250 243 222 199 194 192 186 189 196 205 196 177 193 210 192 175 163 143 156 169 175 178 181 169 172 192 185 163 156 166 185 197 197 190 192 208 205 193 206 222 231 223 210 215 218 216 212 197 195 192
67 135 165 179 187 198 213 187 136 59 106 177 131 144 211 247 254 253 254 249 244 233 221 226 230 220 203 195 201 201 186 150 15 0 119 178 194 225 254 252 250 253 254 252 249 238 229 217 195 192 200 197 196 202 204 189 162 169 187 177 172 160 143 154 168 174 180 190 184 189 203 192 172 168 178 188 198 196 198 204 199 207 218 220 229 233 219 215 223 214 208 209 192 187 185
103 141 162 181 183 198 195 163 104 39 91 183 185 218 249 254 252 253 254 240 234 226 212 211 219 209 190 184 180 173 147 52 0 0 134 193 240 252 252 251 245 253 250 242 237 228 213 199 189 197 206 198 198 202 194 169 145 144 156 169 185 176 144 170 215 210 201 203 195 198 205 197 178 173 185 193 199 198 207 200 191 213 223 221 226 231 223 218 213 202 200 198 182 180 182
82 137 166 182 185 187 163 140 103 77 129 193 224 252 252 251 252 253 242 223 215 210 194 188 200 192 176 165 141 128 71 0 0 39 163 223 253 253 254 253 245 244 236 221 217 211 198 189 182 185 189 183 187 186 170 147 130 120 137 175 192 176 144 186 225 220 214 207 195 198 203 193 177 179 193 198 201 200 197 192 207 218 218 217 222 227 216 201 191 196 198 185 170 172 176
117 174 182 185 185 178 159 146 141 117 127 181 244 253 253 251 250 236 227 218 209 199 187 180 189 183 167 154 71 1 0 0 28 192 234 247 246 252 250 249 232 219 214 219 220 211 202 197 181 175 181 180 183 176 160 143 120 107 130 167 176 158 149 186 206 205 205 194 185 192 198 184 171 178 187 191 194 185 173 191 209 209 208 208 215 217 204 194 190 194 188 178 175 179 182
139 173 178 180 180 178 174 155 117 79 106 203 248 249 251 245 237 221 216 203 189 181 177 166 154 99 65 15 0 0 0 33 144 241 254 242 254 251 244 237 210 194 201 216 222 215 209 206 195 198 209 198 188 185 173 157 131 125 149 179 184 169 168 184 190 200 199 186 190 201 197 182 169 171 179 183 183 170 167 191 200 198 200 202 212 213 205 195 185 185 188 191 192 194 193
124 141 170 173 177 176 173 159 125 118 162 230 244 248 254 252 242 215 193 167 162 169 162 78 11 0 0 0 0 22 137 205 247 252 251 245 249 250 232 213 189 178 187 194 201 204 207 209 203 206 206 191 191 193 182 170 150 140 158 187 200 193 189 186 193 205 197 195 213 215 204 192 174 177 191 185 169 157 166 186 192 193 195 194 201 202 196 183 176 187 200 205 198 192 187
67 104 166 171 177 178 173 172 178 188 220 246 240 224 234 240 225 131 89 106 114 100 54 0 0 0 0 25 106 204 249 244 241 243 244 241 235 236 223 206 190 185 195 201 206 206 212 219 201 190 180 192 202 193 185 177 167 148 170 190 192 194 182 182 198 200 199 215 223 219 215 203 182 188 192 167 134 126 146 167 179 184 182 181 186 181 178 176 183 196 204 203 187 178 176
46 119 164 171 177 179 178 211 239 232 243 250 249 232 222 217 200 51 54 119 109 75 24 15 12 41 183 244 233 232 241 240 245 250 226 226 224 220 212 207 192 187 201 221 226 216 221 221 179 174 187 207 202 184 180 175 173 163 185 185 183 193 179 189 201 205 224 233 225 221 215 201 186 187 171 130 105 123 158 171 177 179 172 160 156 159 165 176 189 193 193 189 172 163 160
122 161 170 174 179 184 208 247 254 241 238 236 245 250 230 208 197 96 153 240 203 149 95 101 73 136 253 250 235 230 243 251 240 230 222 211 198 195 201 203 186 173 191 218 223 212 206 185 156 183 201 205 194 181 177 174 181 180 182 180 180 184 191 209 223 233 239 233 220 215 205 192 180 170 132 104 116 147 178 174 171 175 164 144 142 145 156 174 183 184 180 175 159 145 128
172 172 179 183 184 215 247 253 246 235 226 210 229 223 211 207 189 163 189 223 202 156 130 148 142 205 254 253 252 244 238 231 228 224 211 185 174 176 194 201 181 156 178 206 214 209 193 174 173 191 198 203 191 177 172 169 179 179 176 180 179 188 204 210 226 235 227 214 202 194 187 183 172 153 106 113 157 168 183 179 182 176 149 137 145 146 159 175 178 175 173 168 152 125 91
181 183 195 224 235 247 252 247 230 221 218 190 190 194 200 199 184 174 174 174 167 156 173 179 180 211 248 254 243 237 234 223 221 216 198 175 174 175 193 198 183 169 195 220 218 209 194 191 186 179 177 184 173 168 169 168 185 184 179 182 184 199 209 205 213 220 206 192 189 183 176 175 164 143 115 150 190 179 193 198 193 174 147 146 142 149 177 186 185 180 178 169 146 117 82
216 233 236 246 243 240 239 227 218 218 209 187 195 218 209 190 166 157 164 167 174 180 201 201 212 225 240 245 228 230 225 212 215 215 196 178 184 180 190 199 193 190 207 230 225 200 171 174 179 174 174 183 175 169 173 175 194 185 170 170 183 207 209 206 204 203 194 184 186 179 169 169 168 161 159 187 202 191 192 184 171 163 155 137 121 154 186 185 184 181 175 156 139 125 100
251 245 231 242 247 234 217 200 185 175 160 172 194 199 193 184 165 164 157 157 188 200 205 200 215 224 218 225 222 218 215 212 214 213 199 179 183 177 183 202 202 203 214 219 207 176 149 151 158 165 176 189 182 178 187 184 195 185 169 179 202 221 216 209 198 188 186 174 166 157 150 163 176 176 182 193 195 181 156 140 154 147 115 90 139 203 203 183 172 162 160 147 147 146 123
254 251 226 233 238 216 196 160 130 137 144 162 155 128 146 157 154 167 163 181 212 212 207 204 219 221 215 222 213 210 217 213 204 202 191 162 152 154 172 198 207 213 215 200 179 166 159 166 178 182 183 196 188 182 191 179 187 191 187 199 221 231 220 208 191 175 171 152 139 142 144 164 174 162 162 167 165 136 110 100 110 104 93 141 222 233 199 182 165 155 156 138 137 154 146
253 249 196 196 227 197 169 123 99 147 176 169 120 99 142 161 169 193 206 229 238 223 208 206 220 219 210 219 208 203 215 208 192 187 175 145 125 133 162 186 200 207 200 177 163 162 151 166 196 197 193 205 189 175 181 169 185 196 189 186 211 224 211 201 180 164 161 140 135 151 165 181 175 165 173 173 161 127 123 120 140 156 155 216 233 207 161 157 160 163 165 145 150 175 166
