"","modname","AICc","BIC","r2.vals","r2.vals.unique","edf","edf.less.1","delta.AICc","delta.BIC","wi.AICc","wi.BIC","depth.y","roughness","tpi","detrended","cumsum.wi"
"broad.sponges.depth.y+roughness","depth.y+roughness",240.923930911589,263.430105380282,0.03316,NA,4.62,0,0,15.308,0.207,0,1,1,0,0,0.207
"broad.sponges.depth.y+roughness+tpi","depth.y+roughness+tpi",241.602855536115,269.414419583796,0.04416,NA,5.72,0,0.679,21.292,0.147,0,1,1,1,0,0.354
"broad.sponges.roughness","roughness",241.656035614488,253.91444897367,0.00671,NA,2.52,0,0.732,5.792,0.143,0.049,0,1,0,0,0.497
"broad.sponges.depth.y+tpi","depth.y+tpi",242.65331948845,266.433080112929,0.04136,NA,4.89,0,1.729,18.311,0.087,0,1,0,1,0,0.584
"broad.sponges.depth.y+detrended+roughness","depth.y+detrended+roughness",242.802717979794,269.741446150307,0.03217,NA,5.54,0,1.879,21.619,0.081,0,1,1,0,1,0.665
"broad.sponges.roughness+tpi","roughness+tpi",243.164026904531,260.395671070957,0.01338,NA,3.54,0,2.24,12.273,0.067,0.002,0,1,1,0,0.732
"broad.sponges.null","null",243.247102315089,248.122334408209,0,NA,1,0,2.323,0,0.065,0.892,0,0,0,0,0.797
"broad.sponges.depth.y","depth.y",243.460576970023,262.441092696213,0.02741,NA,3.9,0,2.537,14.319,0.058,0.001,1,0,0,0,0.855
"broad.sponges.tpi","tpi",243.926880185283,253.673888908224,0.00879,NA,2,0,3.003,5.552,0.046,0.056,0,0,1,0,0.901
"broad.sponges.depth.y+detrended+tpi","depth.y+detrended+tpi",244.290966357248,272.628606105979,0.0417,NA,5.82,0,3.367,24.506,0.038,0,1,0,1,1,0.939
"broad.sponges.depth.y+detrended","depth.y+detrended",245.494856488122,269.654396082012,0.02807,NA,4.96,0,4.571,21.532,0.021,0,1,0,0,1,0.96
"broad.sponges.detrended","detrended",245.846249074788,268.861487731183,0.03338,NA,4.73,0,4.922,20.739,0.018,0,0,0,0,1,0.978
"broad.sponges.detrended+tpi","detrended+tpi",246.826923611863,274.537636405558,0.03869,NA,5.7,0,5.903,26.415,0.011,0,0,0,1,1,0.989
"broad.sponges.detrended+roughness","detrended+roughness",247.539799795837,275.385058182018,0.03349,NA,5.72,0,6.616,27.263,0.008,0,0,1,0,1,0.997
"broad.sponges.detrended+roughness+tpi","detrended+roughness+tpi",248.775693147542,281.354535106596,0.03873,NA,6.7,0,7.852,33.232,0.004,0,0,1,1,1,1.001
"broad.unconsolidated.depth.y+detrended","depth.y+detrended",1204.59502255319,1224.63274951948,0.25555,NA,4.12,0,0,1.578,0.355,0.276,1,0,0,1,0.355
"broad.unconsolidated.depth.y+detrended+tpi","depth.y+detrended+tpi",1205.22327167917,1229.82319304637,0.25569,NA,5.05,0,0.628,6.769,0.259,0.021,1,0,1,1,0.614
"broad.unconsolidated.depth.y+detrended+roughness","depth.y+detrended+roughness",1205.91495536732,1230.39098005474,0.25524,NA,5.03,0,1.32,7.337,0.183,0.016,1,1,0,1,0.797
"broad.unconsolidated.depth.y","depth.y",1207.62123383974,1223.05440269632,0.23577,NA,3.17,0,3.026,0,0.078,0.608,1,0,0,0,0.875
"broad.unconsolidated.depth.y+tpi","depth.y+tpi",1207.66457083409,1227.90074899186,0.23646,NA,4.16,0,3.07,4.846,0.076,0.054,1,0,1,0,0.951
"broad.unconsolidated.depth.y+roughness","depth.y+roughness",1209.92965075901,1229.54983334157,0.23886,NA,4.03,0,5.335,6.495,0.025,0.024,1,1,0,0,0.976
"broad.unconsolidated.depth.y+roughness+tpi","depth.y+roughness+tpi",1210.00669922072,1234.37995837307,0.23932,NA,5.01,0,5.412,11.326,0.024,0.002,1,1,1,0,1
"broad.unconsolidated.detrended+roughness+tpi","detrended+roughness+tpi",1363.81280254342,1419.68147865234,0.08113,NA,11.51,0,159.218,196.627,0,0,0,1,1,1,1
"broad.unconsolidated.detrended+roughness","detrended+roughness",1370.45972610303,1408.36186895629,0.065,NA,7.8,0,165.865,185.307,0,0,0,1,0,1,1
"broad.unconsolidated.roughness+tpi","roughness+tpi",1380.65702255529,1418.65389919531,0.03761,NA,7.82,0,176.062,195.599,0,0,0,1,1,0,1
"broad.unconsolidated.roughness","roughness",1385.30124491282,1404.55692589455,0.02768,NA,3.95,0,180.706,181.503,0,0,0,1,0,0,1
"broad.invertebrate.complex.null","null",70.0481144862414,74.9233465793616,0,NA,1,0,0,0,0.468,0.957,0,0,0,0,0.468
"broad.invertebrate.complex.tpi","tpi",72.335583671659,82.3148248776404,0.00046,NA,2.05,0,2.287,7.391,0.149,0.024,0,0,1,0,0.617
"broad.invertebrate.complex.detrended","detrended",73.1269149236114,82.8759731481104,0.02106,NA,2,0,3.079,7.953,0.1,0.018,0,0,0,1,0.717
"broad.invertebrate.complex.depth.y","depth.y",74.1249556315305,93.052671703121,0.09057,NA,3.89,0,4.077,18.129,0.061,0,1,0,0,0,0.778
"broad.invertebrate.complex.roughness","roughness",74.8523881369195,88.7807552518342,0.06081,NA,2.86,0,4.804,13.857,0.042,0.001,0,1,0,0,0.82
"broad.invertebrate.complex.detrended+tpi","detrended+tpi",75.0982773196535,89.7124820410419,0.02119,NA,3,0,5.05,14.789,0.037,0.001,0,0,1,1,0.857
"broad.invertebrate.complex.depth.y+roughness","depth.y+roughness",75.6046136555908,98.0537028792726,0.09529,NA,4.61,0,5.556,23.13,0.029,0,1,1,0,0,0.886
"broad.invertebrate.complex.depth.y+detrended","depth.y+detrended",75.9606628352615,98.8670819609286,0.09014,NA,4.71,0,5.913,23.944,0.024,0,1,0,0,1,0.91
"broad.invertebrate.complex.depth.y+tpi","depth.y+tpi",76.3455618248783,100.118600210723,0.0933,NA,4.88,0,6.297,25.195,0.02,0,1,0,1,0,0.93
"broad.invertebrate.complex.roughness+tpi","roughness+tpi",76.8569976031645,95.6502954533161,0.06085,NA,3.86,0,6.809,20.727,0.016,0,0,1,1,0,0.946
"broad.invertebrate.complex.detrended+roughness","detrended+roughness",76.9050557364105,95.5604784087205,0.05994,NA,3.83,0,6.857,20.637,0.015,0,0,1,0,1,0.961
"broad.invertebrate.complex.depth.y+detrended+roughness","depth.y+detrended+roughness",76.9867998854899,102.167396173787,0.09469,NA,5.17,0,6.939,27.244,0.015,0,1,1,0,1,0.976
"broad.invertebrate.complex.depth.y+roughness+tpi","depth.y+roughness+tpi",77.8616871875176,105.270657248345,0.09742,NA,5.63,0,7.814,30.347,0.009,0,1,1,1,0,0.985
"broad.invertebrate.complex.depth.y+detrended+tpi","depth.y+detrended+tpi",78.1763348748009,106.037869511969,0.09261,NA,5.73,0,8.128,31.115,0.008,0,1,0,1,1,0.993
"broad.invertebrate.complex.detrended+roughness+tpi","detrended+roughness+tpi",78.9067011651564,102.414921375884,0.06002,NA,4.83,0,8.859,27.492,0.006,0,0,1,1,1,0.999
"broad.macroalgae.depth.y+roughness","depth.y+roughness",1220.60574389149,1241.06758366091,0.17582,NA,4.2,0,0,5.76,0.212,0.051,1,1,0,0,0.212
"broad.macroalgae.depth.y","depth.y",1220.72218496896,1235.30773372398,0.17118,NA,2.99,0,0.116,0,0.2,0.901,1,0,0,0,0.412
"broad.macroalgae.depth.y+detrended","depth.y+detrended",1220.75006309685,1248.47396591797,0.18335,NA,5.7,0,0.144,13.166,0.198,0.001,1,0,0,1,0.61
"broad.macroalgae.depth.y+detrended+roughness","depth.y+detrended+roughness",1221.6656465801,1246.29190479092,0.17956,NA,5.06,0,1.06,10.984,0.125,0.004,1,1,0,1,0.735
"broad.macroalgae.depth.y+tpi","depth.y+tpi",1222.03242077553,1241.54210233915,0.17026,NA,4.01,0,1.427,6.234,0.104,0.04,1,0,1,0,0.839
"broad.macroalgae.depth.y+roughness+tpi","depth.y+roughness+tpi",1222.4397632507,1247.59116175361,0.17544,NA,5.17,0,1.834,12.283,0.085,0.002,1,1,1,0,0.924
"broad.macroalgae.depth.y+detrended+tpi","depth.y+detrended+tpi",1222.67523096663,1248.34247677241,0.17403,NA,5.27,0,2.069,13.035,0.075,0.001,1,0,1,1,0.999
"broad.macroalgae.roughness","roughness",1277.32508227439,1289.18976469149,0.04319,NA,2.44,0,56.719,53.882,0,0,0,1,0,0,0.999
"broad.macroalgae.roughness+tpi","roughness+tpi",1277.74011600092,1294.48741533911,0.04747,NA,3.44,0,57.134,59.18,0,0,0,1,1,0,0.999
"broad.macroalgae.detrended+roughness","detrended+roughness",1280.2770230602,1297.12801753018,0.04528,NA,3.46,0,59.671,61.82,0,0,0,1,0,1,0.999
"broad.macroalgae.detrended+roughness+tpi","detrended+roughness+tpi",1280.70486268989,1302.40657626951,0.04938,NA,4.46,0,60.099,67.099,0,0,0,1,1,1,0.999
"broad.macroalgae.detrended+tpi","detrended+tpi",1293.03657085971,1318.19015315992,0.02073,NA,5.17,0,72.431,82.882,0,0,0,0,1,1,0.999
"broad.macroalgae.detrended","detrended",1293.18643307748,1309.8755484963,0.01623,NA,3.43,0,72.581,74.568,0,0,0,0,0,1,0.999
"broad.macroalgae.tpi","tpi",1294.58121802426,1310.21052565012,0.00766,NA,3.21,0,73.975,74.903,0,0,0,0,1,0,0.999
"broad.macroalgae.null","null",1297.45212111028,1302.3273532034,0,NA,1,0,76.846,67.02,0,0,0,0,0,0,0.999
"broad.reef.depth.y+detrended+roughness","depth.y+detrended+roughness",1832.59684354012,1860.60684082413,0.2007,NA,5.76,0,0,6.899,0.742,0.03,1,1,0,1,0.742
"broad.reef.depth.y+detrended","depth.y+detrended",1835.40776474564,1853.70747267821,0.19447,NA,3.76,0,2.811,0,0.182,0.939,1,0,0,1,0.924
"broad.reef.depth.y+detrended+tpi","depth.y+detrended+tpi",1837.40311719497,1860.66229876385,0.19418,NA,4.78,0,4.806,6.955,0.067,0.029,1,0,1,1,0.991
"broad.reef.depth.y","depth.y",1843.4808299347,1865.99529113662,0.1835,NA,4.63,0,10.884,12.288,0.003,0.002,1,0,0,0,0.994
"broad.reef.depth.y+tpi","depth.y+tpi",1843.80582096229,1871.52820369231,0.18529,NA,5.7,0,11.209,17.821,0.003,0,1,0,1,0,0.997
"broad.reef.depth.y+roughness+tpi","depth.y+roughness+tpi",1844.71984923092,1884.83377069821,0.19003,NA,8.25,0,12.123,31.126,0.002,0,1,1,1,0,0.999
"broad.reef.depth.y+roughness","depth.y+roughness",1845.16643797654,1878.6561707605,0.18748,NA,6.89,0,12.57,24.949,0.001,0,1,1,0,0,1
"broad.reef.detrended+roughness+tpi","detrended+roughness+tpi",1925.0413322169,1968.30899491195,0.10289,NA,8.91,0,92.444,114.602,0,0,0,1,1,1,1
"broad.reef.detrended+roughness","detrended+roughness",1925.9838742116,1964.2490078641,0.09815,NA,7.87,0,93.387,110.542,0,0,0,1,0,1,1
"broad.reef.roughness+tpi","roughness+tpi",1947.85933437377,1971.8130543298,0.05231,NA,4.92,0,115.262,118.106,0,0,0,1,1,0,1
"broad.reef.roughness","roughness",1948.12422624346,1967.17070249992,0.04922,NA,3.91,0,115.527,113.463,0,0,0,1,0,0,1
"broad.reef.detrended","detrended",1956.13811373865,1979.82582795306,0.04078,NA,4.87,0,123.541,126.118,0,0,0,0,0,1,1
"broad.reef.detrended+tpi","detrended+tpi",1957.0833789733,1985.59644958468,0.04296,NA,5.86,0,124.487,131.889,0,0,0,0,1,1,1
"broad.reef.tpi","tpi",1977.2004838427,1991.97333752661,0.00527,NA,3.03,0,144.604,138.266,0,0,0,0,1,0,1
"broad.reef.null","null",1977.54343611313,1982.41866820625,0,NA,1,0,144.947,128.711,0,0,0,0,0,0,1
"broad.consolidated.depth.y+detrended","depth.y+detrended",384.422345838712,399.039073430237,0.13886,NA,3,0,0,0,0.536,0.948,1,0,0,1,0.536
"broad.consolidated.depth.y+detrended+tpi","depth.y+detrended+tpi",385.707717270342,405.184768492748,0.13867,NA,4,0,1.285,6.146,0.282,0.044,1,0,1,1,0.818
"broad.consolidated.depth.y+detrended+roughness","depth.y+detrended+roughness",386.876315778963,415.661088462902,0.1561,NA,5.92,0,2.454,16.622,0.157,0,1,1,0,1,0.975
"broad.consolidated.detrended+roughness","detrended+roughness",393.301669736378,430.241586400093,0.12178,NA,7.6,0,8.879,31.203,0.006,0,0,1,0,1,0.981
"broad.consolidated.depth.y","depth.y",393.632415253322,416.59875669611,0.12991,NA,4.72,0,9.21,17.56,0.005,0,1,0,0,0,0.986
"broad.consolidated.depth.y+roughness","depth.y+roughness",393.871227913139,416.464739173773,0.11174,NA,4.64,0,9.449,17.426,0.005,0,1,1,0,0,0.991
"broad.consolidated.detrended+roughness+tpi","detrended+roughness+tpi",395.321988611342,437.091197747083,0.12172,NA,8.6,0,10.9,38.052,0.002,0,0,1,1,1,0.993
"broad.consolidated.detrended","detrended",395.499078822277,419.042760636507,0.058,NA,4.84,0,11.077,20.004,0.002,0,0,0,0,1,0.995
"broad.consolidated.depth.y+tpi","depth.y+tpi",395.779494557534,423.638937852127,0.13057,NA,5.73,0,11.357,24.6,0.002,0,1,0,1,0,0.997
"broad.consolidated.depth.y+roughness+tpi","depth.y+roughness+tpi",396.766899057448,431.362146181617,0.12278,NA,7.11,0,12.345,32.323,0.001,0,1,1,1,0,0.998
"broad.consolidated.detrended+tpi","detrended+tpi",397.544578203324,425.940188806756,0.05801,NA,5.84,0,13.122,26.901,0.001,0,0,0,1,1,0.999
"broad.consolidated.null","null",403.843906963619,408.719139056739,0,NA,1,0,19.422,9.68,0,0.007,0,0,0,0,0.999
"broad.consolidated.roughness","roughness",404.242880765253,421.872863796599,0.02617,NA,3.62,0,19.821,22.834,0,0,0,1,0,0,0.999
"broad.consolidated.tpi","tpi",405.538036886292,415.293036706162,0.00078,NA,2,0,21.116,16.254,0,0,0,0,1,0,0.999
"broad.consolidated.roughness+tpi","roughness+tpi",406.191336552567,428.661542130351,0.02614,NA,4.62,0,21.769,29.622,0,0,0,1,1,0,0.999
"broad.seagrasses.depth.y","depth.y",156.365307903959,169.448769359313,0.06079,NA,2.69,0,0,7.646,0.306,0.02,1,0,0,0,0.306
"broad.seagrasses.null","null",156.927939614369,161.803171707489,0,NA,1,0,0.563,0,0.231,0.935,0,0,0,0,0.537
"broad.seagrasses.depth.y+tpi","depth.y+tpi",158.76456874197,177.698066562969,0.06483,NA,3.89,0,2.399,15.895,0.092,0,1,0,1,0,0.629
"broad.seagrasses.tpi","tpi",159.031081748505,168.780215815006,0.00104,NA,2,0,2.666,6.977,0.081,0.029,0,0,1,0,0.71
"broad.seagrasses.depth.y+roughness","depth.y+roughness",159.194762274486,177.953059493832,0.06681,NA,3.85,0,2.829,16.15,0.074,0,1,1,0,0,0.784
"broad.seagrasses.roughness","roughness",159.524314764203,170.121876616224,0.02001,NA,2.17,0,3.159,8.319,0.063,0.015,0,1,0,0,0.847
"broad.seagrasses.detrended","detrended",160.952317480437,178.869310913322,0.02188,NA,3.68,0,4.587,17.066,0.031,0,0,0,0,1,0.878
"broad.seagrasses.depth.y+roughness+tpi","depth.y+roughness+tpi",161.344843088409,185.328699114154,0.06963,NA,4.93,0,4.98,23.526,0.025,0,1,1,1,0,0.903
"broad.seagrasses.roughness+tpi","roughness+tpi",161.623930301169,177.088877992583,0.02015,NA,3.18,0,5.259,15.286,0.022,0,0,1,1,0,0.925
"broad.seagrasses.detrended+roughness","detrended+roughness",161.879924891073,177.410110228514,0.02157,NA,3.19,0,5.515,15.607,0.019,0,0,1,0,1,0.944
"broad.seagrasses.depth.y+detrended+roughness","depth.y+detrended+roughness",162.018661892482,186.725702684559,0.07222,NA,5.08,0,5.653,24.923,0.018,0,1,1,0,1,0.962
"broad.seagrasses.depth.y+detrended","depth.y+detrended",162.488730287922,190.586903936138,0.08457,NA,5.78,0,6.123,28.784,0.014,0,1,0,0,1,0.976
"broad.seagrasses.detrended+tpi","detrended+tpi",163.024792465632,185.777887614762,0.02164,NA,4.67,0,6.659,23.975,0.011,0,0,0,1,1,0.987
"broad.seagrasses.detrended+roughness+tpi","detrended+roughness+tpi",163.993727742001,184.387320942062,0.02176,NA,4.19,0,7.628,22.584,0.007,0,0,1,1,1,0.994
"broad.seagrasses.depth.y+detrended+tpi","depth.y+detrended+tpi",164.370649529271,196.72571140112,0.08707,NA,6.65,0,8.005,34.923,0.006,0,1,0,1,1,1
